Kandidaten: 12939 gueltige Lagen (auf dem Tisch, Dose nicht beruehrt)
  Anteil der Marke gedeckt | sichtbarer Anteil des Blatts | x z rot_y | Blattflaeche (px)
  0.266 | 0.900 |   450  5600 3840 | 295
  0.263 | 0.918 |   450  5600 1792 | 302
  0.262 | 0.992 |   470  5620 3584 | 292
  0.255 | 0.843 |   470  5540 1792 | 282
  0.254 | 0.879 |   470  5560 1792 | 287
  0.253 | 0.929 |   450  5620 3840 | 297
  0.252 | 0.819 |   470  5540 3840 | 283
  0.252 | 0.859 |   470  5560 3840 | 287
  0.250 | 0.992 |   490  5600 1536 | 292
  0.247 | 0.893 |   470  5580 3840 | 287
  0.247 | 0.911 |   470  5580 1792 | 289
  0.244 | 0.989 |   490  5600 3584 | 285
