Raum       Cuts  hat Freistellung           FEHLT                  Original
----------------------------------------------------------------------------------------
ROOM1000      9  1,3,4,5,6,7,8              0,2                    keine
ROOM1010      9  0,1,6,8                    2,3,4,5,7              keine
ROOM1050     10  1,3,5,6                    0,2,4,7,8,9            keine
ROOM1060      8  0,1,2,4,7                  3,5,6                  keine
ROOM10C0      6  2,3,4                      0,1,5                  keine
ROOM10D0     15  1,6,7,8,9                  0,2,3,4,5,10,11,12,13,14 keine
ROOM10E0     11  0,1,2,3,4,5,6,7,8,9        10                     keine
ROOM10F0     12  0,1,2,3,4,5,6              7,8,9,10,11            keine
ROOM1110     13  0,2,6                      1,3,4,5,7,8,9,10,11,12 keine
ROOM1120      5  2                          0,1,3,4                keine
ROOM1130     10  3                          0,1,2,4,5,6,7,8,9      keine
ROOM1140     10  0,2,3,5                    1,4,6,7,8,9            keine
ROOM2090     13  0,1,2,3,4,5,6,7,8,9        10,11,12               keine
