MODELL meshes=17 bones=15
KAMERA cut=4 H=208
ZONEDEF 0 von=0 nach=0 q=(3000,-5500)(3000,7500)(11500,7500)(11500,-5500)
ZONEDEF 1 von=0 nach=1 q=(3300,2900)(3300,3900)(10300,3900)(10300,2900)
ZONEDEF 2 von=1 nach=0 q=(2800,-5500)(2800,8500)(11300,8500)(11300,-5500)
ZONEDEF 3 von=1 nach=0 q=(3300,1900)(3300,2900)(10300,2900)(10300,1900)
ZONEDEF 4 von=1 nach=2 q=(3300,7000)(3300,8000)(10300,8000)(10300,7000)
ZONEDEF 5 von=2 nach=0 q=(3000,1300)(3000,16800)(11500,16800)(11500,1300)
ZONEDEF 6 von=2 nach=1 q=(3300,6000)(3300,7000)(10300,7000)(10300,6000)
ZONEDEF 7 von=2 nach=3 q=(3600,7600)(3600,15600)(4100,15600)(4100,7600)
ZONEDEF 8 von=3 nach=0 q=(-1500,5800)(-1500,16800)(11500,16800)(11500,5800)
ZONEDEF 9 von=3 nach=2 q=(4100,7600)(4100,15600)(4600,15600)(4600,7600)
ZONEDEF 10 von=3 nach=4 q=(1900,7600)(1900,15600)(2400,15600)(2400,7600)
ZONEDEF 11 von=4 nach=0 q=(-2400,3300)(-2400,16800)(3600,16800)(3600,3300)
ZONEDEF 12 von=4 nach=3 q=(2400,7600)(2400,15600)(2900,15600)(2900,7600)
ZONEDEF 13 von=4 nach=5 q=(-1400,5200)(-1400,6200)(3100,6200)(3100,5200)
ZONEDEF 14 von=5 nach=0 q=(-7900,-4000)(-1900,8000)(3600,8000)(3600,-5500)
ZONEDEF 15 von=5 nach=4 q=(-1400,6200)(-1400,7200)(3100,7200)(3100,6200)
ZONEDEF 16 von=5 nach=6 q=(-1500,-2700)(-1500,3800)(-1000,3800)(-1000,-2700)
ZONEDEF 17 von=6 nach=0 q=(-9400,-3500)(-9400,6000)(3600,6000)(3600,-5500)
ZONEDEF 18 von=6 nach=5 q=(-1000,-2700)(-1000,3800)(-500,3800)(-500,-2700)
ZONEDEF 19 von=6 nach=7 q=(-3100,-2400)(-3100,3600)(-2600,3600)(-2600,-2400)
ZONEDEF 20 von=7 nach=0 q=(-9500,-3800)(-9500,7200)(2500,6200)(3000,-3800)
ZONEDEF 21 von=7 nach=6 q=(-2600,-2400)(-2600,3600)(-2100,3600)(-2100,-2400)
ZONEDEF 22 von=7 nach=8 q=(-8900,4100)(-8900,4600)(-2400,4600)(-2400,4100)
ZONEDEF 23 von=8 nach=0 q=(-9700,-1900)(-8700,15100)(5300,15100)(-200,-1900)
ZONEDEF 24 von=8 nach=7 q=(-8900,3600)(-8900,4100)(-2400,4100)(-2400,3600)
ZONEDEF 25 von=9 nach=0 q=(-9500,-3800)(-9500,3200)(0,3200)(0,-3800)
ZONEDEF 26 von=10 nach=0 q=(2500,8300)(2500,16800)(11500,16800)(11500,8300)
ZONEDEF 27 von=11 nach=0 q=(-1500,2300)(-1500,16800)(10000,16800)(10000,2300)
MASKEN cut=4 rechtecke=105
MASKEN texel=12068
MARKE punkte=837 kasten=x94..116,y55..117
MARKE verdeckt=426 frei=411 anteil=50.9%
MARKEZEILE y=55 ges=2 verdeckt=0
MARKEZEILE y=56 ges=6 verdeckt=0
MARKEZEILE y=57 ges=8 verdeckt=0
MARKEZEILE y=58 ges=8 verdeckt=0
MARKEZEILE y=59 ges=8 verdeckt=0
MARKEZEILE y=60 ges=7 verdeckt=0
MARKEZEILE y=61 ges=7 verdeckt=0
MARKEZEILE y=62 ges=6 verdeckt=0
MARKEZEILE y=63 ges=7 verdeckt=0
MARKEZEILE y=64 ges=13 verdeckt=0
MARKEZEILE y=65 ges=17 verdeckt=0
MARKEZEILE y=66 ges=17 verdeckt=0
MARKEZEILE y=67 ges=18 verdeckt=0
MARKEZEILE y=68 ges=20 verdeckt=0
MARKEZEILE y=69 ges=20 verdeckt=0
MARKEZEILE y=70 ges=20 verdeckt=0
MARKEZEILE y=71 ges=20 verdeckt=0
MARKEZEILE y=72 ges=22 verdeckt=0
MARKEZEILE y=73 ges=20 verdeckt=0
MARKEZEILE y=74 ges=20 verdeckt=0
MARKEZEILE y=75 ges=19 verdeckt=0
MARKEZEILE y=76 ges=20 verdeckt=0
MARKEZEILE y=77 ges=20 verdeckt=0
MARKEZEILE y=78 ges=19 verdeckt=0
MARKEZEILE y=79 ges=17 verdeckt=0
MARKEZEILE y=80 ges=17 verdeckt=10
MARKEZEILE y=81 ges=17 verdeckt=15
MARKEZEILE y=82 ges=18 verdeckt=13
MARKEZEILE y=83 ges=17 verdeckt=10
MARKEZEILE y=84 ges=20 verdeckt=16
MARKEZEILE y=85 ges=19 verdeckt=14
MARKEZEILE y=86 ges=19 verdeckt=16
MARKEZEILE y=87 ges=17 verdeckt=15
MARKEZEILE y=88 ges=18 verdeckt=16
MARKEZEILE y=89 ges=17 verdeckt=17
MARKEZEILE y=90 ges=15 verdeckt=15
MARKEZEILE y=91 ges=13 verdeckt=13
MARKEZEILE y=92 ges=13 verdeckt=13
MARKEZEILE y=93 ges=14 verdeckt=14
MARKEZEILE y=94 ges=13 verdeckt=13
MARKEZEILE y=95 ges=11 verdeckt=11
MARKEZEILE y=96 ges=11 verdeckt=11
MARKEZEILE y=97 ges=11 verdeckt=11
MARKEZEILE y=98 ges=12 verdeckt=12
MARKEZEILE y=99 ges=12 verdeckt=12
MARKEZEILE y=100 ges=11 verdeckt=11
MARKEZEILE y=101 ges=11 verdeckt=11
MARKEZEILE y=102 ges=11 verdeckt=11
MARKEZEILE y=103 ges=11 verdeckt=11
MARKEZEILE y=104 ges=11 verdeckt=11
MARKEZEILE y=105 ges=11 verdeckt=11
MARKEZEILE y=106 ges=9 verdeckt=9
MARKEZEILE y=107 ges=7 verdeckt=7
MARKEZEILE y=108 ges=7 verdeckt=7
MARKEZEILE y=109 ges=8 verdeckt=8
MARKEZEILE y=110 ges=9 verdeckt=9
MARKEZEILE y=111 ges=11 verdeckt=11
MARKEZEILE y=112 ges=12 verdeckt=12
MARKEZEILE y=113 ges=13 verdeckt=11
MARKEZEILE y=114 ges=12 verdeckt=5
MARKEZEILE y=115 ges=9 verdeckt=5
MARKEZEILE y=116 ges=4 verdeckt=4
MARKEZEILE y=117 ges=5 verdeckt=5
HOEHE figur_px=63 kasten1700_px=31 modelleinheiten=3356
MODELLHOEHE kf=0 yMin=-3009 yMax=59 hoehe=3068 (Sonden-Naeherung 1700, Faktor 1.80)
PFAD F103 cut=4 pos=(2115,0,10724) rot=13904 punkte=1369 verdeckt=0 0.0%
PFAD F118 cut=4 pos=(172,0,9214) rot=13904 punkte=2096 verdeckt=0 0.0%
PFAD F133 cut=4 pos=(172,0,9214) rot=14480 punkte=1400 verdeckt=0 0.0%
PFAD F148 cut=4 pos=(-370,0,11768) rot=15560 punkte=1276 verdeckt=46 3.6%
PFAD F163 cut=4 pos=(85,0,14282) rot=15128 punkte=788 verdeckt=96 12.2%
PFAD F178 cut=4 pos=(-482,0,14282) rot=14336 punkte=518 verdeckt=286 55.2%
PFAD F193 cut=4 pos=(-426,0,14077) rot=13760 punkte=815 verdeckt=413 50.7%
PFAD F208 cut=4 pos=(-462,0,14086) rot=13712 punkte=830 verdeckt=433 52.2%
PFAD F223 cut=4 pos=(-448,0,14087) rot=13424 punkte=864 verdeckt=434 50.2%
PFAD F238 cut=4 pos=(-448,0,14087) rot=13424 punkte=864 verdeckt=434 50.2%
PFAD F253 cut=4 pos=(-448,0,14087) rot=13808 punkte=782 verdeckt=401 51.3%
PFAD F268 cut=4 pos=(-448,0,14087) rot=12656 punkte=697 verdeckt=349 50.1%
PFAD F283 cut=4 pos=(-448,0,14087) rot=12752 punkte=762 verdeckt=377 49.5%
PFAD F298 cut=4 pos=(-448,0,14087) rot=13040 punkte=837 verdeckt=426 50.9%
PFAD F313 cut=4 pos=(-448,0,14087) rot=13040 punkte=837 verdeckt=426 50.9%
PFAD F328 cut=4 pos=(-448,0,14087) rot=13040 punkte=837 verdeckt=426 50.9%
PFAD F335 cut=4 pos=(-448,0,14087) rot=13040 punkte=837 verdeckt=426 50.9%
PFAD F343 cut=4 pos=(-448,0,14087) rot=13040 punkte=837 verdeckt=426 50.9%
PFAD F358 cut=4 pos=(-139,0,13920) rot=13280 punkte=861 verdeckt=233 27.1%
PFAD F373 cut=4 pos=(329,0,13189) rot=13280 punkte=959 verdeckt=0 0.0%
PFAD F388 cut=4 pos=(93,0,11405) rot=13208 punkte=1364 verdeckt=0 0.0%
PFAD F403 cut=4 pos=(1402,0,10983) rot=12152 punkte=1007 verdeckt=0 0.0%
PFAD F868 cut=4 pos=(105,0,10911) rot=10448 punkte=964 verdeckt=0 0.0%
PFAD F883 cut=4 pos=(-482,0,11398) rot=10448 punkte=928 verdeckt=117 12.6%
PFAD F898 cut=4 pos=(-482,0,10542) rot=9608 punkte=1682 verdeckt=249 14.8%
PFAD F913 cut=4 pos=(-328,0,9910) rot=9368 punkte=1997 verdeckt=240 12.0%
PFAD F928 cut=4 pos=(723,0,8378) rot=8720 punkte=2431 verdeckt=0 0.0%
PFAD F943 cut=4 pos=(1650,0,7433) rot=8720 punkte=2736 verdeckt=19 0.7%
PFAD F958 cut=4 pos=(1804,0,7522) rot=8720 punkte=2561 verdeckt=49 1.9%
PFAD F973 cut=4 pos=(1804,0,7524) rot=8816 punkte=2834 verdeckt=80 2.8%
PFADSUMME cut=4 zeilen=104 davon_cut=30 mitkontakt=22 ueberhalb=12 figurpunkte=37570 verdeckt=6386 anteil=17.00%
PLATZ 0 -7200 16800 0 1 0 0.0
PLATZ 0 -7000 16400 0 2 0 0.0
PLATZ 0 -7000 16600 0 7 0 0.0
PLATZ 0 -7000 16800 0 12 0 0.0
PLATZ 0 -6800 16000 0 3 0 0.0
PLATZ 0 -6800 16200 0 6 0 0.0
PLATZ 0 -6800 16400 0 12 0 0.0
PLATZ 0 -6800 16600 0 22 0 0.0
PLATZ 0 -6800 16800 0 56 0 0.0
PLATZ 0 -6600 15600 0 5 0 0.0
PLATZ 0 -6600 15800 0 11 0 0.0
PLATZ 0 -6600 16000 0 12 0 0.0
PLATZ 0 -6600 16200 0 24 0 0.0
PLATZ 0 -6600 16400 0 73 0 0.0
PLATZ 0 -6600 16600 0 121 0 0.0
PLATZ 0 -6600 16800 0 183 0 0.0
PLATZ 0 -6400 15000 0 1 0 0.0
PLATZ 0 -6400 15200 0 6 0 0.0
PLATZ 0 -6400 15400 0 12 0 0.0
PLATZ 0 -6400 15600 0 17 0 0.0
PLATZ 0 -6400 15800 0 38 0 0.0
PLATZ 0 -6400 16000 0 89 0 0.0
PLATZ 0 -6400 16200 0 147 0 0.0
PLATZ 0 -6400 16400 0 216 0 0.0
PLATZ 0 -6400 16600 0 280 0 0.0
PLATZ 0 -6400 16800 0 333 0 0.0
PLATZ 0 -6200 14600 0 2 0 0.0
PLATZ 0 -6200 14800 0 8 0 0.0
PLATZ 0 -6200 15000 0 14 0 0.0
PLATZ 0 -6200 15200 0 20 0 0.0
PLATZ 0 -6200 15400 0 51 0 0.0
PLATZ 0 -6200 15600 0 113 0 0.0
PLATZ 0 -6200 15800 0 171 0 0.0
PLATZ 0 -6200 16000 0 241 0 0.0
PLATZ 0 -6200 16200 0 319 0 0.0
PLATZ 0 -6200 16400 0 373 0 0.0
PLATZ 0 -6200 16600 0 409 0 0.0
PLATZ 0 -6200 16800 0 457 0 0.0
PLATZ 0 -6000 14200 0 3 0 0.0
PLATZ 0 -6000 14400 0 9 0 0.0
PLATZ 0 -6000 14600 0 15 0 0.0
PLATZ 0 -6000 14800 0 25 0 0.0
PLATZ 0 -6000 15000 0 72 0 0.0
PLATZ 0 -6000 15200 0 132 0 0.0
PLATZ 0 -6000 15400 0 201 0 0.0
PLATZ 0 -6000 15600 0 278 0 0.0
PLATZ 0 -6000 15800 0 353 0 0.0
PLATZ 0 -6000 16000 0 404 0 0.0
PLATZ 0 -6000 16200 0 463 0 0.0
PLATZ 0 -6000 16400 0 493 0 0.0
PLATZ 0 -6000 16600 0 520 0 0.0
PLATZ 0 -6000 16800 0 537 0 0.0
PLATZ 0 -5800 13800 0 5 0 0.0
PLATZ 0 -5800 14000 0 11 0 0.0
PLATZ 0 -5800 14200 0 17 0 0.0
PLATZ 0 -5800 14400 0 29 0 0.0
PLATZ 0 -5800 14600 0 92 0 0.0
PLATZ 0 -5800 14800 0 164 0 0.0
PLATZ 0 -5800 15000 0 229 0 0.0
PLATZ 0 -5800 15200 0 322 0 0.0
PLATZ 0 -5800 15400 0 381 0 0.0
PLATZ 0 -5800 15600 0 442 0 0.0
PLATZ 0 -5800 15800 0 495 0 0.0
PLATZ 0 -5800 16000 0 525 0 0.0
PLATZ 0 -5800 16200 0 558 0 0.0
PLATZ 0 -5800 16400 0 570 0 0.0
PLATZ 0 -5800 16600 0 563 0 0.0
PLATZ 0 -5800 16800 0 549 0 0.0
PLATZ 0 -5600 13200 0 1 0 0.0
PLATZ 0 -5600 13400 0 6 0 0.0
PLATZ 0 -5600 13600 0 15 0 0.0
PLATZ 0 -5600 13800 0 22 0 0.0
PLATZ 0 -5600 14000 0 43 0 0.0
PLATZ 0 -5600 14200 0 114 0 0.0
PLATZ 0 -5600 14400 0 192 0 0.0
PLATZ 0 -5600 14600 0 279 0 0.0
PLATZ 0 -5600 14800 0 349 0 0.0
PLATZ 0 -5600 15000 0 424 0 0.0
PLATZ 0 -5600 15200 0 489 0 0.0
PLATZ 0 -5600 15400 0 545 0 0.0
PLATZ 0 -5600 15600 0 578 0 0.0
PLATZ 0 -5600 15800 0 609 0 0.0
PLATZ 0 -5600 16000 0 602 0 0.0
PLATZ 0 -5600 16200 0 588 0 0.0
PLATZ 0 -5600 16400 0 566 0 0.0
PLATZ 0 -5600 16600 0 546 0 0.0
PLATZ 0 -5600 16800 0 535 0 0.0
PLATZ 0 -5400 12800 0 3 0 0.0
PLATZ 0 -5400 13000 0 9 0 0.0
PLATZ 0 -5400 13200 0 20 0 0.0
PLATZ 0 -5400 13400 0 22 0 0.0
PLATZ 0 -5400 13600 0 61 0 0.0
PLATZ 0 -5400 13800 0 136 0 0.0
PLATZ 0 -5400 14000 0 216 0 0.0
PLATZ 0 -5400 14200 0 319 0 0.0
PLATZ 0 -5400 14400 0 409 0 0.0
PLATZ 0 -5400 14600 0 471 0 0.0
PLATZ 0 -5400 14800 0 543 0 0.0
PLATZ 0 -5400 15000 0 585 0 0.0
PLATZ 0 -5400 15200 0 619 0 0.0
PLATZ 0 -5400 15400 0 646 0 0.0
PLATZ 0 -5400 15600 0 648 0 0.0
PLATZ 0 -5400 15800 0 633 0 0.0
PLATZ 0 -5400 16000 0 602 0 0.0
PLATZ 0 -5400 16200 0 571 0 0.0
PLATZ 0 -5400 16400 0 549 0 0.0
PLATZ 0 -5400 16600 0 535 0 0.0
PLATZ 0 -5400 16800 0 516 0 0.0
PLATZ 0 -5200 12400 0 4 0 0.0
PLATZ 0 -5200 12600 0 11 0 0.0
PLATZ 0 -5200 12800 0 18 0 0.0
PLATZ 0 -5200 13000 0 30 0 0.0
PLATZ 0 -5200 13200 0 85 0 0.0
PLATZ 0 -5200 13400 0 173 0 0.0
PLATZ 0 -5200 13600 0 264 0 0.0
PLATZ 0 -5200 13800 0 366 0 0.0
PLATZ 0 -5200 14000 0 451 0 0.0
PLATZ 0 -5200 14200 0 534 0 0.0
PLATZ 0 -5200 14400 0 581 0 0.0
PLATZ 0 -5200 14600 0 633 0 0.0
PLATZ 0 -5200 14800 0 665 0 0.0
PLATZ 0 -5200 15000 0 697 0 0.0
PLATZ 0 -5200 15200 0 687 0 0.0
PLATZ 0 -5200 15400 0 665 0 0.0
PLATZ 0 -5200 15600 0 628 0 0.0
PLATZ 0 -5200 15800 0 610 0 0.0
PLATZ 0 -5200 16000 0 593 0 0.0
PLATZ 0 -5200 16200 0 560 0 0.0
PLATZ 0 -5200 16400 0 540 0 0.0
PLATZ 0 -5200 16600 0 520 0 0.0
PLATZ 0 -5200 16800 0 505 0 0.0
PLATZ 0 -5000 12000 0 6 0 0.0
PLATZ 0 -5000 12200 0 12 0 0.0
PLATZ 0 -5000 12400 0 26 0 0.0
PLATZ 0 -5000 12600 0 38 0 0.0
PLATZ 0 -5000 12800 0 115 0 0.0
PLATZ 0 -5000 13000 0 219 0 0.0
PLATZ 0 -5000 13200 0 310 0 0.0
PLATZ 0 -5000 13400 0 422 0 0.0
PLATZ 0 -5000 13600 0 517 0 0.0
PLATZ 0 -5000 13800 0 589 0 0.0
PLATZ 0 -5000 14000 0 648 0 0.0
PLATZ 0 -5000 14200 0 684 0 0.0
PLATZ 0 -5000 14400 0 727 0 0.0
PLATZ 0 -5000 14600 0 754 0 0.0
PLATZ 0 -5000 14800 0 733 0 0.0
PLATZ 0 -5000 15000 0 700 0 0.0
PLATZ 0 -5000 15200 0 655 0 0.0
PLATZ 0 -5000 15400 0 636 0 0.0
PLATZ 0 -5000 15600 0 619 0 0.0
PLATZ 0 -5000 15800 0 593 0 0.0
PLATZ 0 -5000 16000 0 572 0 0.0
PLATZ 0 -5000 16200 0 550 0 0.0
PLATZ 0 -5000 16400 0 537 0 0.0
PLATZ 0 -5000 16600 0 518 0 0.0
PLATZ 0 -5000 16800 0 492 0 0.0
PLATZ 0 -4800 11400 0 1 0 0.0
PLATZ 0 -4800 11600 0 9 0 0.0
PLATZ 0 -4800 11800 0 20 0 0.0
PLATZ 0 -4800 12000 0 28 0 0.0
PLATZ 0 -4800 12200 0 58 0 0.0
PLATZ 0 -4800 12400 0 154 0 0.0
PLATZ 0 -4800 12600 0 252 0 0.0
PLATZ 0 -4800 12800 0 373 0 0.0
PLATZ 0 -4800 13000 0 474 0 0.0
PLATZ 0 -4800 13200 0 578 0 0.0
PLATZ 0 -4800 13400 0 640 0 0.0
PLATZ 0 -4800 13600 0 705 0 0.0
PLATZ 0 -4800 13800 0 752 0 0.0
PLATZ 0 -4800 14000 0 787 0 0.0
PLATZ 0 -4800 14200 0 795 0 0.0
PLATZ 0 -4800 14400 0 777 0 0.0
PLATZ 0 -4800 14600 0 725 0 0.0
PLATZ 0 -4800 14800 0 695 0 0.0
PLATZ 0 -4800 15000 0 668 0 0.0
PLATZ 0 -4800 15200 0 649 0 0.0
PLATZ 0 -4800 15400 0 620 0 0.0
PLATZ 0 -4800 15600 0 599 0 0.0
PLATZ 0 -4800 15800 0 581 0 0.0
PLATZ 0 -4800 16000 0 560 0 0.0
PLATZ 0 -4800 16200 0 537 0 0.0
PLATZ 0 -4800 16400 0 521 0 0.0
PLATZ 0 -4800 16600 0 510 0 0.0
PLATZ 0 -4800 16800 0 490 0 0.0
PLATZ 0 -4600 11000 0 3 0 0.0
PLATZ 0 -4600 11200 0 12 0 0.0
PLATZ 0 -4600 11400 0 19 0 0.0
PLATZ 0 -4600 11600 0 29 0 0.0
PLATZ 0 -4600 11800 0 79 0 0.0
PLATZ 0 -4600 12000 0 187 0 0.0
PLATZ 0 -4600 12200 0 304 0 0.0
PLATZ 0 -4600 12400 0 439 0 0.0
PLATZ 0 -4600 12600 0 540 0 0.0
PLATZ 0 -4600 12800 0 640 0 0.0
PLATZ 0 -4600 13000 0 721 0 0.0
PLATZ 0 -4600 13200 0 776 0 0.0
PLATZ 0 -4600 13400 0 825 0 0.0
PLATZ 0 -4600 13600 0 855 0 0.0
PLATZ 0 -4600 13800 0 858 0 0.0
PLATZ 0 -4600 14000 0 822 0 0.0
PLATZ 0 -4600 14200 0 782 0 0.0
PLATZ 0 -4600 14400 0 730 0 0.0
PLATZ 0 -4600 14600 0 702 0 0.0
PLATZ 0 -4600 14800 0 692 0 0.0
PLATZ 0 -4600 15000 0 657 0 0.0
PLATZ 0 -4600 15200 0 639 0 0.0
PLATZ 0 -4600 15400 0 611 0 0.0
PLATZ 0 -4600 15600 0 589 0 0.0
PLATZ 0 -4600 15800 0 564 0 0.0
PLATZ 0 -4600 16000 0 550 0 0.0
PLATZ 0 -4600 16200 0 523 0 0.0
PLATZ 0 -4600 16400 0 502 0 0.0
PLATZ 0 -4600 16600 0 494 0 0.0
PLATZ 0 -4600 16800 0 484 0 0.0
PLATZ 0 -4400 10600 0 4 0 0.0
PLATZ 0 -4400 10800 0 16 0 0.0
PLATZ 0 -4400 11000 0 28 0 0.0
PLATZ 0 -4400 11200 0 41 0 0.0
PLATZ 0 -4400 11400 0 114 0 0.0
PLATZ 0 -4400 11600 0 245 0 0.0
PLATZ 0 -4400 11800 0 360 0 0.0
PLATZ 0 -4400 12000 0 510 0 0.0
PLATZ 0 -4400 12200 0 624 0 0.0
PLATZ 0 -4400 12400 0 711 0 0.0
PLATZ 0 -4400 12600 0 808 0 0.0
PLATZ 0 -4400 12800 0 864 0 0.0
PLATZ 0 -4400 13000 0 909 0 0.0
PLATZ 0 -4400 13200 0 924 0 0.0
PLATZ 0 -4400 13400 0 908 0 0.0
PLATZ 0 -4400 13600 0 874 0 0.0
PLATZ 0 -4400 13800 0 834 0 0.0
PLATZ 0 -4400 14000 0 787 0 0.0
PLATZ 0 -4400 14200 0 748 0 0.0
PLATZ 0 -4400 14400 0 719 0 0.0
PLATZ 0 -4400 14600 0 700 0 0.0
PLATZ 0 -4400 14800 0 667 0 0.0
PLATZ 0 -4400 15000 0 651 0 0.0
PLATZ 0 -4400 15200 0 619 0 0.0
PLATZ 0 -4400 15400 0 586 0 0.0
PLATZ 0 -4400 15600 0 571 3 0.5
PLATZ 0 -4400 15800 0 552 4 0.7
PLATZ 0 -4400 16000 0 532 4 0.8
PLATZ 0 -4400 16200 0 517 1 0.2
PLATZ 0 -4400 16400 0 502 2 0.4
PLATZ 0 -4400 16600 0 483 2 0.4
PLATZ 0 -4400 16800 0 472 1 0.2
PLATZ 0 -4200 10200 0 8 0 0.0
PLATZ 0 -4200 10400 0 24 0 0.0
PLATZ 0 -4200 10600 0 35 0 0.0
PLATZ 0 -4200 10800 0 49 0 0.0
PLATZ 0 -4200 11000 0 161 0 0.0
PLATZ 0 -4200 11200 0 314 0 0.0
PLATZ 0 -4200 11400 0 436 0 0.0
PLATZ 0 -4200 11600 0 595 0 0.0
PLATZ 0 -4200 11800 0 702 0 0.0
PLATZ 0 -4200 12000 0 810 0 0.0
PLATZ 0 -4200 12200 0 884 0 0.0
PLATZ 0 -4200 12400 0 949 0 0.0
PLATZ 0 -4200 12600 0 990 0 0.0
PLATZ 0 -4200 12800 0 1013 0 0.0
PLATZ 0 -4200 13000 0 963 0 0.0
PLATZ 0 -4200 13200 0 918 0 0.0
PLATZ 0 -4200 13400 0 881 0 0.0
PLATZ 0 -4200 13600 0 847 0 0.0
PLATZ 0 -4200 13800 0 808 0 0.0
PLATZ 0 -4200 14000 0 763 0 0.0
PLATZ 0 -4200 14200 0 731 2 0.3
PLATZ 0 -4200 14400 0 713 2 0.3
PLATZ 0 -4200 14600 0 683 2 0.3
PLATZ 0 -4200 14800 0 654 0 0.0
PLATZ 0 -4200 15000 0 628 3 0.5
PLATZ 0 -4200 15200 0 605 4 0.7
PLATZ 0 -4200 15400 0 589 6 1.0
PLATZ 0 -4200 15600 0 557 9 1.6
PLATZ 0 -4200 15800 0 544 9 1.7
PLATZ 0 -4200 16000 0 520 11 2.1
PLATZ 0 -4200 16200 0 503 12 2.4
PLATZ 0 -4200 16400 0 485 10 2.1
PLATZ 0 -4200 16600 0 471 8 1.7
PLATZ 0 -4200 16800 0 457 7 1.5
PLATZ 0 -4000 9600 0 1 0 0.0
PLATZ 0 -4000 9800 0 14 0 0.0
PLATZ 0 -4000 10000 0 30 0 0.0
PLATZ 0 -4000 10200 0 45 0 0.0
PLATZ 0 -4000 10400 0 81 0 0.0
PLATZ 0 -4000 10600 0 212 0 0.0
PLATZ 0 -4000 10800 0 370 0 0.0
PLATZ 0 -4000 11000 0 517 0 0.0
PLATZ 0 -4000 11200 0 688 0 0.0
PLATZ 0 -4000 11400 0 807 0 0.0
PLATZ 0 -4000 11600 0 925 0 0.0
PLATZ 0 -4000 11800 0 996 0 0.0
PLATZ 0 -4000 12000 0 1061 0 0.0
PLATZ 0 -4000 12200 0 1094 0 0.0
PLATZ 0 -4000 12400 0 1093 0 0.0
PLATZ 0 -4000 12600 0 1037 0 0.0
PLATZ 0 -4000 12800 0 982 0 0.0
PLATZ 0 -4000 13000 0 944 0 0.0
PLATZ 0 -4000 13200 0 888 0 0.0
PLATZ 0 -4000 13400 0 856 0 0.0
PLATZ 0 -4000 13600 0 821 1 0.1
PLATZ 0 -4000 13800 0 776 3 0.4
PLATZ 0 -4000 14000 0 743 2 0.3
PLATZ 0 -4000 14200 0 712 5 0.7
PLATZ 0 -4000 14400 0 694 5 0.7
PLATZ 0 -4000 14600 0 652 8 1.2
PLATZ 0 -4000 14800 0 638 8 1.3
PLATZ 0 -4000 15000 0 613 7 1.1
PLATZ 0 -4000 15200 0 591 8 1.4
PLATZ 0 -4000 15400 0 572 15 2.6
PLATZ 0 -4000 15600 0 552 17 3.1
PLATZ 0 -4000 15800 0 530 16 3.0
PLATZ 0 -4000 16000 0 513 16 3.1
PLATZ 0 -4000 16200 0 499 17 3.4
PLATZ 0 -4000 16400 0 476 18 3.8
PLATZ 0 -4000 16600 0 460 18 3.9
PLATZ 0 -4000 16800 0 445 24 5.4
PLATZ 0 -3800 9400 0 19 0 0.0
PLATZ 0 -3800 9600 0 35 0 0.0
PLATZ 0 -3800 9800 0 55 0 0.0
PLATZ 0 -3800 10000 0 126 0 0.0
PLATZ 0 -3800 10200 0 285 0 0.0
PLATZ 0 -3800 10400 0 457 0 0.0
PLATZ 0 -3800 10600 0 629 0 0.0
PLATZ 0 -3800 10800 0 787 0 0.0
PLATZ 0 -3800 11000 0 919 0 0.0
PLATZ 0 -3800 11200 0 1043 0 0.0
PLATZ 0 -3800 11400 0 1119 0 0.0
PLATZ 0 -3800 11600 0 1162 0 0.0
PLATZ 0 -3800 11800 0 1192 0 0.0
PLATZ 0 -3800 12000 0 1189 0 0.0
PLATZ 0 -3800 12200 0 1117 0 0.0
PLATZ 0 -3800 12400 0 1061 0 0.0
PLATZ 0 -3800 12600 0 1021 0 0.0
PLATZ 0 -3800 12800 0 961 1 0.1
PLATZ 0 -3800 13000 0 908 2 0.2
PLATZ 0 -3800 13200 0 868 2 0.2
PLATZ 0 -3800 13400 0 824 3 0.4
PLATZ 0 -3800 13600 0 796 5 0.6
PLATZ 0 -3800 13800 0 749 8 1.1
PLATZ 0 -3800 14000 0 735 11 1.5
PLATZ 0 -3800 14200 0 714 10 1.4
PLATZ 0 -3800 14400 0 658 7 1.1
PLATZ 0 -3800 14600 0 641 16 2.5
PLATZ 0 -3800 14800 0 626 18 2.9
PLATZ 0 -3800 15000 0 604 23 3.8
PLATZ 0 -3800 15200 0 580 26 4.5
PLATZ 0 -3800 15400 0 565 26 4.6
PLATZ 0 -3800 15600 0 537 26 4.8
PLATZ 0 -3800 15800 0 523 27 5.2
PLATZ 0 -3800 16000 0 504 34 6.7
PLATZ 0 -3800 16200 0 494 38 7.7
PLATZ 0 -3800 16400 0 476 47 9.9
PLATZ 0 -3800 16600 0 459 46 10.0
PLATZ 0 -3800 16800 0 432 46 10.6
PLATZ 0 -3600 9400 0 65 0 0.0
PLATZ 0 -3600 9600 0 180 7 3.9
PLATZ 0 -3600 9800 0 366 8 2.2
PLATZ 0 -3600 10000 0 548 0 0.0
PLATZ 0 -3600 10200 0 757 0 0.0
PLATZ 0 -3600 10400 0 927 0 0.0
PLATZ 0 -3600 10600 0 1060 0 0.0
PLATZ 0 -3600 10800 0 1164 0 0.0
PLATZ 0 -3600 11000 0 1261 0 0.0
PLATZ 0 -3600 11200 0 1293 0 0.0
PLATZ 0 -3600 11400 0 1316 0 0.0
PLATZ 0 -3600 11600 0 1278 0 0.0
PLATZ 0 -3600 11800 0 1210 0 0.0
PLATZ 0 -3600 12000 0 1138 0 0.0
PLATZ 0 -3600 12200 0 1091 1 0.1
PLATZ 0 -3600 12400 0 1024 3 0.3
PLATZ 0 -3600 12600 0 964 6 0.6
PLATZ 0 -3600 12800 0 934 8 0.9
PLATZ 0 -3600 13000 0 881 11 1.2
PLATZ 0 -3600 13200 0 849 14 1.6
PLATZ 0 -3600 13400 0 810 15 1.9
PLATZ 0 -3600 13600 0 769 16 2.1
PLATZ 0 -3600 13800 0 749 21 2.8
PLATZ 0 -3600 14000 0 707 24 3.4
PLATZ 0 -3600 14200 0 672 25 3.7
PLATZ 0 -3600 14400 0 656 28 4.3
PLATZ 0 -3600 14600 0 633 29 4.6
PLATZ 0 -3600 14800 0 616 33 5.4
PLATZ 0 -3600 15000 0 600 40 6.7
PLATZ 0 -3600 15200 0 573 48 8.4
PLATZ 0 -3600 15400 0 556 56 10.1
PLATZ 0 -3600 15600 0 531 64 12.1
PLATZ 0 -3600 15800 0 504 64 12.7
PLATZ 0 -3600 16000 0 487 66 13.6
PLATZ 0 -3600 16200 0 476 69 14.5
PLATZ 0 -3600 16400 0 463 67 14.5
PLATZ 0 -3600 16600 0 458 73 15.9
PLATZ 0 -3600 16800 0 444 69 15.5
PLATZ 0 -3400 9400 0 453 33 7.3
PLATZ 0 -3400 9600 0 667 24 3.6
PLATZ 0 -3400 9800 0 889 0 0.0
PLATZ 0 -3400 10000 0 1065 0 0.0
PLATZ 0 -3400 10200 0 1210 0 0.0
PLATZ 0 -3400 10400 0 1317 0 0.0
PLATZ 0 -3400 10600 0 1402 0 0.0
PLATZ 0 -3400 10800 0 1455 0 0.0
PLATZ 0 -3400 11000 0 1448 0 0.0
PLATZ 0 -3400 11200 0 1395 0 0.0
PLATZ 0 -3400 11400 0 1306 0 0.0
PLATZ 0 -3400 11600 0 1218 0 0.0
PLATZ 0 -3400 11800 0 1157 3 0.3
PLATZ 0 -3400 12000 0 1096 7 0.6
PLATZ 0 -3400 12200 0 1044 8 0.8
PLATZ 0 -3400 12400 0 1011 20 2.0
PLATZ 0 -3400 12600 0 947 25 2.6
PLATZ 0 -3400 12800 0 898 22 2.4
PLATZ 0 -3400 13000 0 863 27 3.1
PLATZ 0 -3400 13200 0 824 36 4.4
PLATZ 0 -3400 13400 0 788 42 5.3
PLATZ 0 -3400 13600 0 757 39 5.2
PLATZ 0 -3400 13800 0 717 35 4.9
PLATZ 0 -3400 14000 0 689 32 4.6
PLATZ 0 -3400 14200 0 679 37 5.4
PLATZ 0 -3400 14400 0 645 41 6.4
PLATZ 0 -3400 14600 0 617 50 8.1
PLATZ 0 -3400 14800 0 601 67 11.1
PLATZ 0 -3400 15000 0 578 80 13.8
PLATZ 0 -3400 15200 0 563 85 15.1
PLATZ 0 -3400 15400 0 533 93 17.4
PLATZ 0 -3400 15600 0 516 95 18.4
PLATZ 0 -3400 15800 0 498 90 18.1
PLATZ 0 -3400 16000 0 485 88 18.1
PLATZ 0 -3400 16200 0 473 84 17.8
PLATZ 0 -3400 16400 0 462 76 16.5
PLATZ 0 -3400 16600 0 446 67 15.0
PLATZ 0 -3400 16800 0 430 67 15.6
PLATZ 0 -3200 9400 0 1086 52 4.8
PLATZ 0 -3200 9600 0 1239 28 2.3
PLATZ 0 -3200 9800 0 1371 5 0.4
PLATZ 0 -3200 10000 0 1498 0 0.0
PLATZ 0 -3200 10200 0 1571 0 0.0
PLATZ 0 -3200 10400 0 1616 0 0.0
PLATZ 0 -3200 10600 0 1603 0 0.0
PLATZ 0 -3200 10800 0 1511 0 0.0
PLATZ 0 -3200 11000 0 1409 0 0.0
PLATZ 0 -3200 11200 0 1321 0 0.0
PLATZ 0 -3200 11400 0 1252 0 0.0
PLATZ 0 -3200 11600 0 1197 2 0.2
PLATZ 0 -3200 11800 0 1117 12 1.1
PLATZ 0 -3200 12000 0 1068 24 2.2
PLATZ 0 -3200 12200 0 1016 40 3.9
PLATZ 0 -3200 12400 0 964 55 5.7
PLATZ 0 -3200 12600 0 922 66 7.2
PLATZ 0 -3200 12800 0 873 66 7.6
PLATZ 0 -3200 13000 0 830 62 7.5
PLATZ 0 -3200 13200 0 805 59 7.3
PLATZ 0 -3200 13400 0 757 50 6.6
PLATZ 0 -3200 13600 0 749 55 7.3
PLATZ 0 -3200 13800 0 707 56 7.9
PLATZ 0 -3200 14000 0 672 66 9.8
PLATZ 0 -3200 14200 0 653 68 10.4
PLATZ 0 -3200 14400 0 629 80 12.7
PLATZ 0 -3200 14600 0 612 99 16.2
PLATZ 0 -3200 14800 0 594 113 19.0
PLATZ 0 -3200 15000 0 569 119 20.9
PLATZ 0 -3200 15200 0 548 118 21.5
PLATZ 0 -3200 15400 0 533 116 21.8
PLATZ 0 -3200 15600 0 510 107 21.0
PLATZ 0 -3200 15800 0 495 98 19.8
PLATZ 0 -3200 16000 0 486 92 18.9
PLATZ 0 -3200 16200 0 464 80 17.2
PLATZ 0 -3200 16400 0 448 72 16.1
PLATZ 0 -3200 16600 0 431 65 15.1
PLATZ 0 -3200 16800 0 429 60 14.0
PLATZ 0 -400 3600 1 2618 0 0.0
PLATZ 0 -400 3800 1 6110 0 0.0
PLATZ 0 -400 4000 1 8758 0 0.0
PLATZ 0 -400 6000 1 5135 31 0.6
PLATZ 0 -400 6200 1 4827 14 0.3
PLATZ 0 -400 6400 1 4505 63 1.4
PLATZ 0 -400 6600 1 4235 75 1.8
PLATZ 0 -400 6800 1 3838 20 0.5
PLATZ 0 -400 7000 1 3508 0 0.0
PLATZ 0 -400 7200 1 3188 0 0.0
PLATZ 0 -400 7400 1 2929 0 0.0
PLATZ 0 -400 7600 1 2714 0 0.0
PLATZ 0 -400 7800 1 2494 0 0.0
PLATZ 0 -400 10000 1 1224 97 7.9
PLATZ 0 -400 10200 1 1160 91 7.8
PLATZ 0 -400 10400 1 1116 81 7.3
PLATZ 0 -400 10600 1 1067 70 6.6
PLATZ 0 -400 10800 1 1007 52 5.2
PLATZ 0 -400 11000 1 967 47 4.9
PLATZ 0 -400 11200 1 918 44 4.8
PLATZ 0 -400 11400 1 890 44 4.9
PLATZ 0 -400 11600 1 861 34 3.9
PLATZ 0 -400 11800 1 802 22 2.7
PLATZ 0 -400 14200 1 526 271 51.5
PLATZ 0 -200 3600 1 7083 0 0.0
PLATZ 0 -200 3800 1 9395 0 0.0
PLATZ 0 -200 4000 1 9372 0 0.0
PLATZ 0 -200 4200 1 9443 0 0.0
PLATZ 0 -200 5800 1 5269 0 0.0
PLATZ 0 -200 6000 1 4901 0 0.0
PLATZ 0 -200 6200 1 4585 0 0.0
PLATZ 0 -200 6400 1 4392 0 0.0
PLATZ 0 -200 6600 1 4061 0 0.0
PLATZ 0 -200 6800 1 3705 0 0.0
PLATZ 0 -200 7000 1 3382 0 0.0
PLATZ 0 -200 7200 1 3059 0 0.0
PLATZ 0 -200 7400 1 2854 0 0.0
PLATZ 0 -200 7600 1 2625 0 0.0
PLATZ 0 -200 7800 1 2392 0 0.0
PLATZ 0 -200 8000 1 2258 0 0.0
PLATZ 0 -200 9800 1 1262 6 0.5
PLATZ 0 -200 10000 1 1197 0 0.0
PLATZ 0 -200 10200 1 1153 0 0.0
PLATZ 0 -200 10400 1 1093 0 0.0
PLATZ 0 -200 10600 1 1056 0 0.0
PLATZ 0 -200 10800 1 991 0 0.0
PLATZ 0 -200 11000 1 964 0 0.0
PLATZ 0 -200 11200 1 916 0 0.0
PLATZ 0 -200 11400 1 884 0 0.0
PLATZ 0 -200 11600 1 851 0 0.0
PLATZ 0 -200 11800 1 780 0 0.0
PLATZ 0 -200 14000 1 531 148 27.9
PLATZ 0 -200 14200 1 516 170 32.9
PLATZ 0 0 3400 1 1145 0 0.0
PLATZ 0 0 3600 1 7934 0 0.0
PLATZ 0 0 3800 1 9009 0 0.0
PLATZ 0 0 4000 1 8805 0 0.0
PLATZ 0 0 4200 1 8792 0 0.0
PLATZ 0 0 4400 1 8344 0 0.0
PLATZ 0 0 4600 1 7627 0 0.0
PLATZ 0 0 5400 1 5773 0 0.0
PLATZ 0 0 5600 1 5453 0 0.0
PLATZ 0 0 5800 1 5073 0 0.0
PLATZ 0 0 6000 1 4752 0 0.0
PLATZ 0 0 6200 1 4467 0 0.0
PLATZ 0 0 6400 1 4243 0 0.0
PLATZ 0 0 6600 1 3941 0 0.0
PLATZ 0 0 6800 1 3584 0 0.0
PLATZ 0 0 7000 1 3269 0 0.0
PLATZ 0 0 7200 1 3008 0 0.0
PLATZ 0 0 7400 1 2756 0 0.0
PLATZ 0 0 7600 1 2564 0 0.0
PLATZ 0 0 7800 1 2368 0 0.0
PLATZ 0 0 8000 1 2185 0 0.0
PLATZ 0 0 8200 1 2070 0 0.0
PLATZ 0 0 9600 1 1312 0 0.0
PLATZ 0 0 9800 1 1263 0 0.0
PLATZ 0 0 10000 1 1176 0 0.0
PLATZ 0 0 10200 1 1119 0 0.0
PLATZ 0 0 10400 1 1078 0 0.0
PLATZ 0 0 10600 1 1013 0 0.0
PLATZ 0 0 10800 1 978 0 0.0
PLATZ 0 0 11000 1 945 0 0.0
PLATZ 0 0 11200 1 896 0 0.0
PLATZ 0 0 11400 1 863 0 0.0
PLATZ 0 0 11600 1 840 0 0.0
PLATZ 0 0 11800 1 793 0 0.0
PLATZ 0 0 12000 1 762 0 0.0
PLATZ 0 0 13800 1 544 44 8.1
PLATZ 0 0 14000 1 528 63 11.9
PLATZ 0 0 14200 1 510 63 12.4
PLATZ 0 200 3400 1 2892 0 0.0
PLATZ 0 200 3600 1 9027 0 0.0
PLATZ 0 200 3800 1 9387 0 0.0
PLATZ 0 200 4000 1 8787 0 0.0
PLATZ 0 200 4200 1 8505 0 0.0
PLATZ 0 200 4400 1 7934 0 0.0
PLATZ 0 200 4600 1 7266 0 0.0
PLATZ 0 200 4800 1 6685 0 0.0
PLATZ 0 200 5000 1 6289 0 0.0
PLATZ 0 200 5200 1 5941 0 0.0
PLATZ 0 200 5400 1 5687 0 0.0
PLATZ 0 200 5600 1 5335 0 0.0
PLATZ 0 200 5800 1 4998 0 0.0
PLATZ 0 200 6000 1 4725 0 0.0
PLATZ 0 200 6200 1 4398 0 0.0
PLATZ 0 200 6400 1 4211 0 0.0
PLATZ 0 200 6600 1 3859 0 0.0
PLATZ 0 200 6800 1 3525 0 0.0
PLATZ 0 200 7000 1 3193 0 0.0
PLATZ 0 200 7200 1 2926 0 0.0
PLATZ 0 200 7400 1 2724 0 0.0
PLATZ 0 200 7600 1 2520 0 0.0
PLATZ 0 200 7800 1 2342 0 0.0
PLATZ 0 200 8000 1 2137 0 0.0
PLATZ 0 200 8200 1 2019 0 0.0
PLATZ 0 200 8400 1 1898 0 0.0
PLATZ 0 200 8600 1 1760 0 0.0
PLATZ 0 200 8800 1 1671 0 0.0
PLATZ 0 200 9000 1 1559 0 0.0
PLATZ 0 200 9200 1 1448 0 0.0
PLATZ 0 200 9400 1 1405 0 0.0
PLATZ 0 200 9600 1 1314 0 0.0
PLATZ 0 200 9800 1 1236 0 0.0
PLATZ 0 200 10000 1 1188 0 0.0
PLATZ 0 200 10200 1 1126 0 0.0
PLATZ 0 200 10400 1 1072 0 0.0
PLATZ 0 200 10600 1 1023 0 0.0
PLATZ 0 200 10800 1 985 0 0.0
PLATZ 0 200 11000 1 911 0 0.0
PLATZ 0 200 11200 1 895 0 0.0
PLATZ 0 200 11400 1 856 0 0.0
PLATZ 0 200 11600 1 825 0 0.0
PLATZ 0 200 11800 1 775 0 0.0
PLATZ 0 200 12000 1 759 0 0.0
PLATZ 0 200 12200 1 722 0 0.0
PLATZ 0 200 13600 1 556 0 0.0
PLATZ 0 200 13800 1 540 0 0.0
PLATZ 0 200 14000 1 522 0 0.0
PLATZ 0 200 14200 1 495 0 0.0
PLATZ 0 400 3400 1 1962 0 0.0
PLATZ 0 400 3600 1 8860 0 0.0
PLATZ 0 400 3800 1 10412 0 0.0
PLATZ 0 400 4000 1 9354 0 0.0
PLATZ 0 400 4200 1 8674 0 0.0
PLATZ 0 400 4400 1 8094 0 0.0
PLATZ 0 400 4600 1 7345 0 0.0
PLATZ 0 400 4800 1 6765 0 0.0
PLATZ 0 400 5000 1 6371 0 0.0
PLATZ 0 400 5200 1 6054 0 0.0
PLATZ 0 400 5400 1 5703 0 0.0
PLATZ 0 400 5600 1 5388 0 0.0
PLATZ 0 400 5800 1 5021 0 0.0
PLATZ 0 400 6000 1 4736 0 0.0
PLATZ 0 400 6200 1 4437 0 0.0
PLATZ 0 400 6400 1 4255 0 0.0
PLATZ 0 400 6600 1 3831 0 0.0
PLATZ 0 400 6800 1 3478 0 0.0
PLATZ 0 400 7000 1 3191 0 0.0
PLATZ 0 400 7200 1 2931 0 0.0
PLATZ 0 400 7400 1 2684 0 0.0
PLATZ 0 400 7600 1 2481 0 0.0
PLATZ 0 400 7800 1 2319 0 0.0
PLATZ 0 400 8000 1 2122 0 0.0
PLATZ 0 400 8200 1 2012 0 0.0
PLATZ 0 400 8400 1 1874 0 0.0
PLATZ 0 400 8600 1 1743 0 0.0
PLATZ 0 400 8800 1 1658 0 0.0
PLATZ 0 400 9000 1 1552 0 0.0
PLATZ 0 400 9200 1 1467 0 0.0
PLATZ 0 400 9400 1 1394 0 0.0
PLATZ 0 400 9600 1 1310 0 0.0
PLATZ 0 400 9800 1 1239 0 0.0
PLATZ 0 400 10000 1 1167 0 0.0
PLATZ 0 400 10200 1 1132 0 0.0
PLATZ 0 400 10400 1 1057 0 0.0
PLATZ 0 400 10600 1 1035 0 0.0
PLATZ 0 400 10800 1 969 0 0.0
PLATZ 0 400 11000 1 924 0 0.0
PLATZ 0 400 11200 1 889 0 0.0
PLATZ 0 400 11400 1 851 0 0.0
PLATZ 0 400 11600 1 827 0 0.0
PLATZ 0 400 11800 1 772 0 0.0
PLATZ 0 400 12000 1 758 0 0.0
PLATZ 0 600 3400 1 335 0 0.0
PLATZ 0 600 3600 1 5996 0 0.0
PLATZ 0 600 3800 1 10397 0 0.0
PLATZ 0 600 4000 1 10382 0 0.0
PLATZ 0 600 4200 1 9576 0 0.0
PLATZ 0 600 4400 1 8754 0 0.0
PLATZ 0 600 4600 1 7842 0 0.0
PLATZ 0 600 4800 1 7038 0 0.0
PLATZ 0 600 5000 1 6571 0 0.0
PLATZ 0 600 5200 1 6184 0 0.0
PLATZ 0 600 5400 1 5850 0 0.0
PLATZ 0 600 5600 1 5505 0 0.0
PLATZ 0 600 5800 1 5129 0 0.0
PLATZ 0 600 6000 1 4788 0 0.0
PLATZ 0 600 6200 1 4505 0 0.0
PLATZ 0 600 6400 1 4208 0 0.0
PLATZ 0 600 6600 1 3808 0 0.0
PLATZ 0 600 6800 1 3449 0 0.0
PLATZ 0 600 7000 1 3170 0 0.0
PLATZ 0 600 7200 1 2922 0 0.0
PLATZ 0 600 7400 1 2694 0 0.0
PLATZ 0 600 7600 1 2493 0 0.0
PLATZ 0 600 7800 1 2301 0 0.0
PLATZ 0 600 8000 1 2150 0 0.0
PLATZ 0 600 8200 1 1993 0 0.0
PLATZ 0 600 8400 1 1869 0 0.0
PLATZ 0 600 8600 1 1742 0 0.0
PLATZ 0 600 8800 1 1646 0 0.0
PLATZ 0 600 9000 1 1537 0 0.0
PLATZ 0 600 9200 1 1461 0 0.0
PLATZ 0 600 9400 1 1374 0 0.0
PLATZ 0 600 9600 1 1309 0 0.0
PLATZ 0 600 9800 1 1240 0 0.0
PLATZ 0 600 10000 1 1171 0 0.0
PLATZ 0 600 10200 1 1104 0 0.0
PLATZ 0 600 10400 1 1064 0 0.0
PLATZ 0 600 10600 1 1009 0 0.0
PLATZ 0 600 10800 1 971 0 0.0
PLATZ 0 600 11000 1 919 0 0.0
PLATZ 0 600 11200 1 890 0 0.0
PLATZ 0 600 11400 1 851 0 0.0
PLATZ 0 600 11600 1 801 0 0.0
PLATZ 0 600 11800 1 794 0 0.0
PLATZ 0 600 12000 1 740 0 0.0
PLATZ 0 800 3400 1 715 0 0.0
PLATZ 0 800 3600 1 3065 0 0.0
PLATZ 0 800 3800 1 8066 0 0.0
PLATZ 0 800 4000 1 10970 0 0.0
PLATZ 0 800 4200 1 10837 0 0.0
PLATZ 0 800 4400 1 9831 0 0.0
PLATZ 0 800 4600 1 8703 0 0.0
PLATZ 0 800 4800 1 7685 0 0.0
PLATZ 0 800 5000 1 6952 0 0.0
PLATZ 0 800 5200 1 6412 0 0.0
PLATZ 0 800 5400 1 5987 0 0.0
PLATZ 0 800 5600 1 5569 0 0.0
PLATZ 0 800 5800 1 5187 0 0.0
PLATZ 0 800 6000 1 4849 0 0.0
PLATZ 0 800 6200 1 4529 0 0.0
PLATZ 0 800 6400 1 4205 0 0.0
PLATZ 0 800 6600 1 3810 0 0.0
PLATZ 0 800 6800 1 3481 0 0.0
PLATZ 0 800 7000 1 3172 0 0.0
PLATZ 0 800 7200 1 2897 0 0.0
PLATZ 0 800 7400 1 2696 0 0.0
PLATZ 0 800 7600 1 2487 0 0.0
PLATZ 0 800 7800 1 2309 0 0.0
PLATZ 0 800 8000 1 2137 0 0.0
PLATZ 0 800 8200 1 1972 0 0.0
PLATZ 0 800 8400 1 1860 0 0.0
PLATZ 0 800 8600 1 1765 0 0.0
PLATZ 0 800 8800 1 1626 0 0.0
PLATZ 0 800 9000 1 1533 0 0.0
PLATZ 0 800 9200 1 1469 0 0.0
PLATZ 0 800 9400 1 1393 0 0.0
PLATZ 0 800 9600 1 1302 0 0.0
PLATZ 0 800 9800 1 1240 0 0.0
PLATZ 0 800 10000 1 1162 0 0.0
PLATZ 0 800 10200 1 1102 0 0.0
PLATZ 0 800 10400 1 1066 0 0.0
PLATZ 0 800 10600 1 1017 0 0.0
PLATZ 0 800 10800 1 970 0 0.0
PLATZ 0 800 11000 1 928 0 0.0
PLATZ 0 800 11200 1 885 0 0.0
PLATZ 0 800 11400 1 848 0 0.0
PLATZ 0 800 11600 1 813 0 0.0
PLATZ 0 800 11800 1 785 0 0.0
PLATZ 0 800 12000 1 749 0 0.0
PLATZ 0 1000 3400 1 383 0 0.0
PLATZ 0 1000 3600 1 2583 0 0.0
PLATZ 0 1000 3800 1 5054 0 0.0
PLATZ 0 1000 4000 1 8862 0 0.0
PLATZ 0 1000 4200 1 11095 0 0.0
PLATZ 0 1000 4400 1 10914 0 0.0
PLATZ 0 1000 4600 1 9571 0 0.0
PLATZ 0 1000 4800 1 8492 0 0.0
PLATZ 0 1000 5000 1 7527 0 0.0
PLATZ 0 1000 5200 1 6794 0 0.0
PLATZ 0 1000 5400 1 6297 0 0.0
PLATZ 0 1000 5600 1 5780 0 0.0
PLATZ 0 1000 5800 1 5323 0 0.0
PLATZ 0 1000 6000 1 4932 0 0.0
PLATZ 0 1000 6200 1 4621 0 0.0
PLATZ 0 1000 6400 1 4182 0 0.0
PLATZ 0 1000 6600 1 3804 0 0.0
PLATZ 0 1000 6800 1 3462 0 0.0
PLATZ 0 1000 7000 1 3142 0 0.0
PLATZ 0 1000 7200 1 2913 0 0.0
PLATZ 0 1000 7400 1 2715 0 0.0
PLATZ 0 1000 7600 1 2487 0 0.0
PLATZ 0 1000 7800 1 2303 0 0.0
PLATZ 0 1000 8000 1 2133 0 0.0
PLATZ 0 1000 8200 1 1974 0 0.0
PLATZ 0 1000 8400 1 1855 0 0.0
PLATZ 0 1000 8600 1 1760 0 0.0
PLATZ 0 1000 8800 1 1646 0 0.0
PLATZ 0 1000 9000 1 1562 0 0.0
PLATZ 0 1000 9200 1 1462 0 0.0
PLATZ 0 1000 9400 1 1357 0 0.0
PLATZ 0 1000 9600 1 1299 0 0.0
PLATZ 0 1000 9800 1 1220 0 0.0
PLATZ 0 1000 10000 1 1179 0 0.0
PLATZ 0 1000 10200 1 1127 0 0.0
PLATZ 0 1000 10400 1 1049 0 0.0
PLATZ 0 1000 10600 1 1010 0 0.0
PLATZ 0 1000 10800 1 956 0 0.0
PLATZ 0 1000 11000 1 927 0 0.0
PLATZ 0 1000 11200 1 887 0 0.0
PLATZ 0 1000 11400 1 837 0 0.0
PLATZ 0 1000 11600 1 802 0 0.0
PLATZ 0 1000 11800 1 770 0 0.0
PLATZ 0 1000 12000 1 752 0 0.0
PLATZ 0 1200 3400 1 14 0 0.0
PLATZ 0 1200 3600 1 1474 0 0.0
PLATZ 0 1200 3800 1 3734 0 0.0
PLATZ 0 1200 4000 1 5989 0 0.0
PLATZ 0 1200 4200 1 9137 0 0.0
PLATZ 0 1200 4400 1 10970 0 0.0
PLATZ 0 1200 4600 1 10494 0 0.0
PLATZ 0 1200 4800 1 9267 0 0.0
PLATZ 0 1200 5000 1 8157 0 0.0
PLATZ 0 1200 5200 1 7283 0 0.0
PLATZ 0 1200 5400 1 6601 0 0.0
PLATZ 0 1200 5600 1 6001 0 0.0
PLATZ 0 1200 5800 1 5524 0 0.0
PLATZ 0 1200 6000 1 5020 0 0.0
PLATZ 0 1200 6800 1 3494 0 0.0
PLATZ 0 1200 7000 1 3182 0 0.0
PLATZ 0 1200 7200 1 2938 0 0.0
PLATZ 0 1200 7400 1 2695 0 0.0
PLATZ 0 1200 7600 1 2497 0 0.0
PLATZ 0 1200 7800 1 2295 0 0.0
PLATZ 0 1200 8000 1 2115 0 0.0
PLATZ 0 1200 8200 1 1998 0 0.0
PLATZ 0 1200 8400 1 1862 0 0.0
PLATZ 0 1200 8600 1 1750 0 0.0
PLATZ 0 1200 8800 1 1628 0 0.0
PLATZ 0 1200 9000 1 1539 0 0.0
PLATZ 0 1200 9200 1 1445 0 0.0
PLATZ 0 1200 9400 1 1374 0 0.0
PLATZ 0 1200 9600 1 1293 0 0.0
PLATZ 0 1200 9800 1 1240 0 0.0
PLATZ 0 1200 10000 1 1169 0 0.0
PLATZ 0 1200 10200 1 1111 0 0.0
PLATZ 0 1200 10400 1 1054 0 0.0
PLATZ 0 1200 10600 1 1005 0 0.0
PLATZ 0 1200 10800 1 958 0 0.0
PLATZ 0 1200 11000 1 920 0 0.0
PLATZ 0 1200 11200 1 876 0 0.0
PLATZ 0 1200 11400 1 840 0 0.0
PLATZ 0 1200 11600 1 809 0 0.0
PLATZ 0 1200 11800 1 775 0 0.0
PLATZ 0 1400 3600 1 430 0 0.0
PLATZ 0 1400 3800 1 2245 0 0.0
PLATZ 0 1400 4000 1 4241 0 0.0
PLATZ 0 1400 4200 1 6447 0 0.0
PLATZ 0 1400 4400 1 9141 0 0.0
PLATZ 0 1400 4600 1 10797 0 0.0
PLATZ 0 1400 4800 1 10041 0 0.0
PLATZ 0 1400 5000 1 8826 0 0.0
PLATZ 0 1400 5200 1 7753 0 0.0
PLATZ 0 1400 5400 1 6962 0 0.0
PLATZ 0 1400 5600 1 6251 0 0.0
PLATZ 0 1400 7200 1 2936 0 0.0
PLATZ 0 1400 7400 1 2688 0 0.0
PLATZ 0 1400 7600 1 2507 0 0.0
PLATZ 0 1400 7800 1 2331 0 0.0
PLATZ 0 1400 8000 1 2155 0 0.0
PLATZ 0 1400 8200 1 1995 0 0.0
PLATZ 0 1400 8400 1 1882 0 0.0
PLATZ 0 1400 8600 1 1743 0 0.0
PLATZ 0 1400 8800 1 1632 0 0.0
PLATZ 0 1400 9000 1 1543 0 0.0
PLATZ 0 1400 9200 1 1451 0 0.0
PLATZ 0 1400 9400 1 1376 0 0.0
PLATZ 0 1400 9600 1 1299 0 0.0
PLATZ 0 1400 9800 1 1229 0 0.0
PLATZ 0 1400 10000 1 1165 0 0.0
PLATZ 0 1400 10200 1 1103 0 0.0
PLATZ 0 1400 10400 1 1070 0 0.0
PLATZ 0 1400 10600 1 1007 0 0.0
PLATZ 0 1400 10800 1 971 0 0.0
PLATZ 0 1400 11000 1 918 0 0.0
PLATZ 0 1400 11200 1 881 0 0.0
PLATZ 0 1400 11400 1 829 0 0.0
PLATZ 0 1400 11600 1 809 0 0.0
PLATZ 0 1600 3600 1 1 0 0.0
PLATZ 0 1600 3800 1 885 0 0.0
PLATZ 0 1600 4000 1 2574 0 0.0
PLATZ 0 1600 4200 1 4522 0 0.0
PLATZ 0 1600 4400 1 6645 0 0.0
PLATZ 0 1600 4600 1 9007 0 0.0
PLATZ 0 1600 4800 1 10459 0 0.0
PLATZ 0 1600 5000 1 9491 0 0.0
PLATZ 0 1600 5200 1 8252 0 0.0
PLATZ 0 1600 5400 1 7293 0 0.0
PLATZ 0 1600 7400 1 2696 21 0.8
PLATZ 0 1600 7600 1 2506 0 0.0
PLATZ 0 1600 7800 1 2294 1 0.0
PLATZ 0 1600 8000 1 2155 0 0.0
PLATZ 0 1600 8200 1 2006 0 0.0
PLATZ 0 1600 8400 1 1849 0 0.0
PLATZ 0 1600 8600 1 1756 0 0.0
PLATZ 0 1600 8800 1 1642 0 0.0
PLATZ 0 1600 9000 1 1553 0 0.0
PLATZ 0 1600 9200 1 1461 0 0.0
PLATZ 0 1600 9400 1 1380 0 0.0
PLATZ 0 1600 9600 1 1299 0 0.0
PLATZ 0 1600 9800 1 1225 0 0.0
PLATZ 0 1600 10000 1 1185 0 0.0
PLATZ 0 1600 10200 1 1113 0 0.0
PLATZ 0 1600 10400 1 1054 0 0.0
PLATZ 0 1600 10600 1 1015 0 0.0
PLATZ 0 1600 10800 1 962 0 0.0
PLATZ 0 1600 11000 1 922 0 0.0
PLATZ 0 1600 11200 1 890 0 0.0
PLATZ 0 1600 11400 1 843 0 0.0
PLATZ 0 1800 3800 1 8 0 0.0
PLATZ 0 1800 4000 1 1199 0 0.0
PLATZ 0 1800 4200 1 2841 0 0.0
PLATZ 0 1800 4400 1 4676 0 0.0
PLATZ 0 1800 4600 1 6748 0 0.0
PLATZ 0 1800 4800 1 8859 0 0.0
PLATZ 0 1800 5000 1 9897 0 0.0
PLATZ 0 1800 5200 1 8723 0 0.0
PLATZ 0 1800 7600 1 2525 89 3.5
PLATZ 0 1800 7800 1 2332 43 1.8
PLATZ 0 1800 8000 1 2178 15 0.7
PLATZ 0 1800 8200 1 2025 12 0.6
PLATZ 0 1800 8400 1 1889 4 0.2
PLATZ 0 1800 8600 1 1769 0 0.0
PLATZ 0 1800 8800 1 1637 0 0.0
PLATZ 0 1800 9000 1 1556 0 0.0
PLATZ 0 1800 9200 1 1471 0 0.0
PLATZ 0 1800 9400 1 1368 0 0.0
PLATZ 0 1800 9600 1 1303 0 0.0
PLATZ 0 1800 9800 1 1244 0 0.0
PLATZ 0 1800 10000 1 1164 0 0.0
PLATZ 0 1800 10200 1 1121 0 0.0
PLATZ 0 1800 10400 1 1052 0 0.0
PLATZ 0 1800 10600 1 1016 0 0.0
PLATZ 0 1800 10800 1 961 0 0.0
PLATZ 0 1800 11000 1 926 0 0.0
PLATZ 0 1800 11200 1 881 0 0.0
PLATZ 0 2000 8800 1 1637 12 0.7
PLATZ 0 2000 9000 1 1564 5 0.3
PLATZ 0 2000 9200 1 1461 1 0.1
PLATZ 0 2000 9400 1 1376 0 0.0
PLATZ 0 2000 9600 1 1298 0 0.0
PLATZ 0 2000 9800 1 1232 0 0.0
PLATZ 0 2000 10000 1 1168 0 0.0
PLATZ 0 2000 10200 1 1107 0 0.0
PLATZ 0 2000 10400 1 1068 0 0.0
PLATZ 0 2000 10600 1 1001 0 0.0
PLATZ 0 2000 10800 1 955 0 0.0
PLATZ 0 2000 11000 1 923 0 0.0
PLATZ 0 2000 11200 1 872 0 0.0
PLATZ 0 2200 8800 1 1684 29 1.7
PLATZ 0 2200 9000 1 1561 23 1.5
PLATZ 0 2200 9200 1 1485 16 1.1
PLATZ 0 2200 9400 1 1393 12 0.9
PLATZ 0 2200 9600 1 1315 4 0.3
PLATZ 0 2200 9800 1 1236 0 0.0
PLATZ 0 2200 10000 1 1176 0 0.0
PLATZ 0 2200 10200 1 1111 0 0.0
PLATZ 0 2200 10400 1 1069 0 0.0
PLATZ 0 2200 10600 1 1010 0 0.0
PLATZ 0 2200 10800 1 940 0 0.0
PLATZ 0 2200 11000 1 929 0 0.0
PLATZ 0 2200 11200 1 884 0 0.0
PLATZ 0 2400 8800 1 1683 109 6.5
PLATZ 0 2400 9000 1 1579 58 3.7
PLATZ 0 2400 9200 1 1491 35 2.3
PLATZ 0 2400 9400 1 1389 28 2.0
PLATZ 0 2400 9600 1 1317 18 1.4
PLATZ 0 2400 9800 1 1245 13 1.0
PLATZ 0 2400 10000 1 1177 4 0.3
PLATZ 0 2400 10200 1 1119 1 0.1
PLATZ 0 2400 10400 1 1068 0 0.0
PLATZ 0 2400 10600 1 1015 0 0.0
PLATZ 0 2400 10800 1 961 0 0.0
PLATZ 0 2400 11000 1 937 0 0.0
PLATZ 0 2400 11200 1 884 0 0.0
PLATZ 0 2600 8800 1 1709 232 13.6
PLATZ 0 2600 9000 1 1602 165 10.3
PLATZ 0 2600 9200 1 1500 102 6.8
PLATZ 0 2600 9400 1 1407 52 3.7
PLATZ 0 2600 9600 1 1333 37 2.8
PLATZ 0 2600 9800 1 1260 28 2.2
PLATZ 0 2600 10000 1 1192 18 1.5
PLATZ 0 2600 10200 1 1128 11 1.0
PLATZ 0 2600 10400 1 1069 5 0.5
PLATZ 0 2600 10600 1 1016 0 0.0
PLATZ 0 2600 10800 1 980 0 0.0
PLATZ 0 2600 11000 1 925 0 0.0
PLATZ 0 2600 11200 1 887 0 0.0
PLATZ 0 2800 8800 1 1708 262 15.3
PLATZ 0 2800 9000 1 1617 231 14.3
PLATZ 0 2800 9200 1 1513 189 12.5
PLATZ 0 2800 9400 1 1433 143 10.0
PLATZ 0 2800 9600 1 1343 80 6.0
PLATZ 0 2800 9800 1 1277 49 3.8
PLATZ 0 2800 10000 1 1209 37 3.1
PLATZ 0 2800 10200 1 1142 27 2.4
PLATZ 0 2800 10400 1 1075 16 1.5
PLATZ 0 2800 10600 1 1028 11 1.1
PLATZ 0 2800 10800 1 995 3 0.3
PLATZ 0 2800 11000 1 930 0 0.0
PLATZ 0 2800 11200 1 900 0 0.0
PLATZ 0 3000 8800 1 1725 219 12.7
PLATZ 0 3000 9000 1 1634 230 14.1
PLATZ 0 3000 9200 1 1520 199 13.1
PLATZ 0 3000 9400 1 1431 167 11.7
PLATZ 0 3000 9600 1 1358 145 10.7
PLATZ 0 3000 9800 1 1272 107 8.4
PLATZ 0 3000 10000 1 1202 65 5.4
PLATZ 0 3000 10200 1 1136 45 4.0
PLATZ 0 3000 10400 1 1080 35 3.2
PLATZ 0 3000 10600 1 1019 22 2.2
PLATZ 0 3000 10800 1 971 14 1.4
PLATZ 0 3000 11000 1 934 10 1.1
PLATZ 0 3000 11200 1 899 3 0.3
PLATZ 0 3000 11400 1 863 0 0.0
PLATZ 0 3200 8800 1 1744 227 13.0
PLATZ 0 3200 9000 1 1627 184 11.3
PLATZ 0 3200 9200 1 1561 173 11.1
PLATZ 0 3200 9400 1 1440 169 11.7
PLATZ 0 3200 9600 1 1367 153 11.2
PLATZ 0 3200 9800 1 1282 134 10.5
PLATZ 0 3200 10000 1 1211 110 9.1
PLATZ 0 3200 10200 1 1152 79 6.9
PLATZ 0 3200 10400 1 1087 55 5.1
PLATZ 0 3200 10600 1 1031 40 3.9
PLATZ 0 3200 10800 1 981 30 3.1
PLATZ 0 3200 11000 1 945 19 2.0
PLATZ 0 3200 11200 1 889 13 1.5
PLATZ 0 3200 11400 1 849 4 0.5
PLATZ 0 3200 11600 1 824 3 0.4
PLATZ 0 3400 8800 1 1757 283 16.1
PLATZ 0 3400 9000 1 1663 219 13.2
PLATZ 0 3400 9200 1 1570 158 10.1
PLATZ 0 3400 9400 1 1463 130 8.9
PLATZ 0 3400 9600 1 1359 116 8.5
PLATZ 0 3400 9800 1 1307 131 10.0
PLATZ 0 3400 10000 1 1228 133 10.8
PLATZ 0 3400 10200 1 1159 118 10.2
PLATZ 0 3400 10400 1 1099 93 8.5
PLATZ 0 3400 10600 1 1046 65 6.2
PLATZ 0 3400 10800 1 990 48 4.8
PLATZ 0 3400 11000 1 944 34 3.6
PLATZ 0 3400 11200 1 917 27 2.9
PLATZ 0 3400 11400 1 870 18 2.1
PLATZ 0 3400 11600 1 825 16 1.9
PLATZ 0 3400 11800 1 795 10 1.3
PLATZ 0 3600 8800 1 1792 315 17.6
PLATZ 0 3600 9000 1 1655 248 15.0
PLATZ 0 3600 9200 1 1580 177 11.2
PLATZ 0 3600 9400 1 1483 122 8.2
PLATZ 0 3600 9600 1 1379 102 7.4
PLATZ 0 3600 9800 1 1312 101 7.7
PLATZ 0 3600 10000 1 1235 105 8.5
PLATZ 0 3600 10200 1 1165 109 9.4
PLATZ 0 3600 10400 1 1129 114 10.1
PLATZ 0 3600 10600 1 1057 100 9.5
PLATZ 0 3600 10800 1 1005 82 8.2
PLATZ 0 3600 11000 1 954 65 6.8
PLATZ 0 3600 11200 1 902 38 4.2
PLATZ 0 3600 11400 1 874 30 3.4
PLATZ 0 3600 11600 1 829 24 2.9
PLATZ 0 3600 11800 1 804 18 2.2
PLATZ 0 3600 12000 1 763 13 1.7
PLATZ 0 3800 8800 0 1803 303 16.8
PLATZ 0 3800 9000 0 1686 250 14.8
PLATZ 0 3800 9200 0 1593 206 12.9
PLATZ 0 3800 9400 0 1502 148 9.9
PLATZ 0 3800 9600 0 1403 102 7.3
PLATZ 0 3800 9800 0 1335 78 5.8
PLATZ 0 3800 10000 0 1260 79 6.3
PLATZ 0 3800 10200 0 1179 82 7.0
PLATZ 0 3800 10400 0 1128 92 8.2
PLATZ 0 3800 10600 0 1054 96 9.1
PLATZ 0 3800 10800 0 1004 89 8.9
PLATZ 0 3800 11000 0 966 75 7.8
PLATZ 0 3800 11200 0 919 60 6.5
PLATZ 0 3800 11400 0 883 45 5.1
PLATZ 0 3800 11600 0 836 34 4.1
PLATZ 0 3800 11800 0 809 25 3.1
PLATZ 0 3800 12000 0 767 21 2.7
PLATZ 0 4000 8800 0 1839 301 16.4
PLATZ 0 4000 9000 0 1722 292 17.0
PLATZ 0 4000 9200 0 1587 243 15.3
PLATZ 0 4000 9400 0 1494 190 12.7
PLATZ 0 4000 9600 0 1428 149 10.4
PLATZ 0 4000 9800 0 1338 103 7.7
PLATZ 0 4000 10000 0 1259 65 5.2
PLATZ 0 4000 10200 0 1204 61 5.1
PLATZ 0 4000 10400 0 1127 59 5.2
PLATZ 0 4000 10600 0 1068 63 5.9
PLATZ 0 4000 10800 0 1026 79 7.7
PLATZ 0 4000 11000 0 970 81 8.4
PLATZ 0 4000 11200 0 927 71 7.7
PLATZ 0 4000 11400 0 879 48 5.5
PLATZ 0 4000 11600 0 850 36 4.2
PLATZ 0 4000 11800 0 807 29 3.6
PLATZ 0 4200 8800 0 1844 249 13.5
PLATZ 0 4200 9000 0 1722 267 15.5
PLATZ 0 4200 9200 0 1614 270 16.7
PLATZ 0 4200 9400 0 1516 239 15.8
PLATZ 0 4200 9600 0 1422 185 13.0
PLATZ 0 4200 9800 0 1362 161 11.8
PLATZ 0 4200 10000 0 1266 109 8.6
PLATZ 0 4200 10200 0 1195 64 5.4
PLATZ 0 4200 10400 0 1143 54 4.7
PLATZ 0 4200 10600 0 1095 52 4.7
PLATZ 0 4200 10800 0 1022 63 6.2
PLATZ 0 4200 11000 0 968 69 7.1
PLATZ 0 4200 11200 0 933 60 6.4
PLATZ 0 4200 11400 0 887 53 6.0
PLATZ 0 4200 11600 0 843 42 5.0
PLATZ 0 4400 8800 0 1877 189 10.1
PLATZ 0 4400 9000 0 1741 214 12.3
PLATZ 0 4400 9200 0 1630 238 14.6
PLATZ 0 4400 9400 0 1532 251 16.4
PLATZ 0 4400 9600 0 1438 239 16.6
PLATZ 0 4400 9800 0 1357 191 14.1
PLATZ 0 4400 10000 0 1281 149 11.6
PLATZ 0 4400 10200 0 1198 104 8.7
PLATZ 0 4400 10400 0 1156 68 5.9
PLATZ 0 4400 10600 0 1083 47 4.3
PLATZ 0 4400 10800 0 1029 53 5.2
PLATZ 0 4400 11000 0 991 58 5.9
PLATZ 0 4400 11200 0 926 47 5.1
PLATZ 0 4400 11400 0 885 42 4.7
PLATZ 0 4600 6200 0 12 0 0.0
PLATZ 0 4600 6400 0 319 0 0.0
PLATZ 0 4600 6600 0 1037 0 0.0
PLATZ 0 4600 6800 0 1650 26 1.6
PLATZ 0 4600 7000 0 2201 50 2.3
PLATZ 0 4600 7200 0 2696 75 2.8
PLATZ 0 4600 7400 0 3045 130 4.3
PLATZ 0 4600 7600 0 2993 152 5.1
PLATZ 0 4600 7800 0 2754 206 7.5
PLATZ 0 4600 8000 0 2539 232 9.1
PLATZ 0 4600 8200 0 2339 230 9.8
PLATZ 0 4600 8400 0 2162 195 9.0
PLATZ 0 4600 8600 0 2026 146 7.2
PLATZ 0 4600 8800 0 1880 138 7.3
PLATZ 0 4600 9000 0 1753 157 9.0
PLATZ 0 4600 9200 0 1648 188 11.4
PLATZ 0 4600 9400 0 1538 207 13.5
PLATZ 0 4600 9600 0 1452 211 14.5
PLATZ 0 4600 9800 0 1360 223 16.4
PLATZ 0 4600 10000 0 1277 185 14.5
PLATZ 0 4600 10200 0 1226 151 12.3
PLATZ 0 4600 10400 0 1167 112 9.6
PLATZ 0 4600 10600 0 1101 72 6.5
PLATZ 0 4600 10800 0 1043 53 5.1
PLATZ 0 4600 11000 0 985 47 4.8
PLATZ 0 4600 11200 0 955 41 4.3
PLATZ 0 4600 11400 0 889 26 2.9
PLATZ 0 4800 6400 0 14 0 0.0
PLATZ 0 4800 6600 0 352 0 0.0
PLATZ 0 4800 6800 0 1016 2 0.2
PLATZ 0 4800 7000 0 1580 23 1.5
PLATZ 0 4800 7200 0 2083 43 2.1
PLATZ 0 4800 7400 0 2562 71 2.8
PLATZ 0 4800 7600 0 2835 100 3.5
PLATZ 0 4800 7800 0 2767 138 5.0
PLATZ 0 4800 8000 0 2549 186 7.3
PLATZ 0 4800 8200 0 2377 223 9.4
PLATZ 0 4800 8400 0 2187 206 9.4
PLATZ 0 4800 8600 0 2042 174 8.5
PLATZ 0 4800 8800 0 1877 122 6.5
PLATZ 0 4800 9000 0 1783 112 6.3
PLATZ 0 4800 9200 0 1664 123 7.4
PLATZ 0 4800 9400 0 1567 158 10.1
PLATZ 0 4800 9600 0 1481 187 12.6
PLATZ 0 4800 9800 0 1395 203 14.6
PLATZ 0 4800 10000 0 1312 216 16.5
PLATZ 0 4800 10200 0 1233 192 15.6
PLATZ 0 4800 10400 0 1171 146 12.5
PLATZ 0 4800 10600 0 1113 113 10.2
PLATZ 0 4800 10800 0 1053 82 7.8
PLATZ 0 4800 11000 0 1001 52 5.2
PLATZ 0 4800 11200 0 954 31 3.2
PLATZ 0 5000 6600 0 19 0 0.0
PLATZ 0 5000 6800 0 395 0 0.0
PLATZ 0 5000 7000 0 1002 5 0.5
PLATZ 0 5000 7200 0 1525 27 1.8
PLATZ 0 5000 7400 0 2005 47 2.3
PLATZ 0 5000 7600 0 2425 68 2.8
PLATZ 0 5000 7800 0 2691 103 3.8
PLATZ 0 5000 8000 0 2587 130 5.0
PLATZ 0 5000 8200 0 2374 176 7.4
PLATZ 0 5000 8400 0 2221 211 9.5
PLATZ 0 5000 8600 0 2081 195 9.4
PLATZ 0 5000 8800 0 1916 153 8.0
PLATZ 0 5000 9000 0 1778 96 5.4
PLATZ 0 5000 9200 0 1685 84 5.0
PLATZ 0 5000 9400 0 1578 102 6.5
PLATZ 0 5000 9600 0 1487 122 8.2
PLATZ 0 5000 9800 0 1384 164 11.8
PLATZ 0 5000 10000 0 1305 176 13.5
PLATZ 0 5000 10200 0 1232 184 14.9
PLATZ 0 5000 10400 0 1185 185 15.6
PLATZ 0 5000 10600 0 1114 151 13.6
PLATZ 0 5000 10800 0 1062 119 11.2
PLATZ 0 5000 11000 0 1008 86 8.5
PLATZ 0 5000 11200 0 956 40 4.2
PLATZ 0 5200 6800 0 27 0 0.0
PLATZ 0 5200 7000 0 426 0 0.0
PLATZ 0 5200 7200 0 970 7 0.7
PLATZ 0 5200 7400 0 1466 28 1.9
PLATZ 0 5200 7600 0 1926 42 2.2
PLATZ 0 5200 7800 0 2297 62 2.7
PLATZ 0 5200 8000 0 2514 87 3.5
PLATZ 0 5200 8200 0 2416 115 4.8
PLATZ 0 5200 8400 0 2251 155 6.9
PLATZ 0 5200 8600 0 2091 199 9.5
PLATZ 0 5200 8800 0 1948 187 9.6
PLATZ 0 5200 9000 0 1818 151 8.3
PLATZ 0 5200 9200 0 1694 97 5.7
PLATZ 0 5200 9400 0 1592 81 5.1
PLATZ 0 5200 9600 0 1483 78 5.3
PLATZ 0 5200 9800 0 1426 117 8.2
PLATZ 0 5200 10000 0 1332 153 11.5
PLATZ 0 5200 10200 0 1262 173 13.7
PLATZ 0 5200 10400 0 1189 179 15.1
PLATZ 0 5200 10600 0 1129 177 15.7
PLATZ 0 5200 10800 0 1076 158 14.7
PLATZ 0 5200 11000 0 1017 115 11.3
PLATZ 0 5200 11200 0 967 79 8.2
PLATZ 0 5400 7000 0 31 0 0.0
PLATZ 0 5400 7200 0 457 0 0.0
PLATZ 0 5400 7400 0 941 10 1.1
PLATZ 0 5400 7600 0 1413 24 1.7
PLATZ 0 5400 7800 0 1814 31 1.7
PLATZ 0 5400 8000 0 2202 40 1.8
PLATZ 0 5400 8200 0 2387 64 2.7
PLATZ 0 5400 8400 0 2242 95 4.2
PLATZ 0 5400 8600 0 2074 120 5.8
PLATZ 0 5400 8800 0 1962 189 9.6
PLATZ 0 5400 9000 0 1826 146 8.0
PLATZ 0 5400 9200 0 1694 124 7.3
PLATZ 0 5400 9400 0 1600 79 4.9
PLATZ 0 5400 9600 0 1510 72 4.8
PLATZ 0 5400 9800 0 1417 77 5.4
PLATZ 0 5400 10000 0 1348 104 7.7
PLATZ 0 5400 10200 0 1259 136 10.8
PLATZ 0 5400 10400 0 1195 150 12.6
PLATZ 0 5400 10600 0 1133 159 14.0
PLATZ 0 5400 10800 0 1079 170 15.8
PLATZ 0 5400 11000 0 1024 156 15.2
PLATZ 0 5400 11200 0 964 110 11.4
PLATZ 0 5400 11400 0 946 72 7.6
PLATZ 0 5600 7200 0 40 0 0.0
PLATZ 0 5600 7400 0 476 0 0.0
PLATZ 0 5600 7600 0 918 10 1.1
PLATZ 0 5600 7800 0 1361 19 1.4
PLATZ 0 5600 8000 0 1751 31 1.8
PLATZ 0 5600 8200 0 2084 33 1.6
PLATZ 0 5600 8400 0 2248 56 2.5
PLATZ 0 5600 8600 0 2102 81 3.9
PLATZ 0 5600 8800 0 1959 118 6.0
PLATZ 0 5600 9000 0 1850 160 8.6
PLATZ 0 5600 9200 0 1713 120 7.0
PLATZ 0 5600 9400 0 1609 110 6.8
PLATZ 0 5600 9600 0 1518 61 4.0
PLATZ 0 5600 9800 0 1439 56 3.9
PLATZ 0 5600 10000 0 1354 61 4.5
PLATZ 0 5600 10200 0 1276 83 6.5
PLATZ 0 5600 10400 0 1213 124 10.2
PLATZ 0 5600 10600 0 1153 144 12.5
PLATZ 0 5600 10800 0 1077 149 13.8
PLATZ 0 5600 11000 0 1020 145 14.2
PLATZ 0 5600 11200 0 971 124 12.8
PLATZ 0 5600 11400 0 953 105 11.0
PLATZ 0 5800 7400 0 54 0 0.0
PLATZ 0 5800 7600 0 480 0 0.0
PLATZ 0 5800 7800 0 924 11 1.2
PLATZ 0 5800 8000 0 1321 17 1.3
PLATZ 0 5800 8200 0 1676 28 1.7
PLATZ 0 5800 8400 0 1995 29 1.5
PLATZ 0 5800 8600 0 2102 53 2.5
PLATZ 0 5800 8800 0 1980 78 3.9
PLATZ 0 5800 9000 0 1848 94 5.1
PLATZ 0 5800 9200 0 1747 130 7.4
PLATZ 0 5800 9400 0 1648 106 6.4
PLATZ 0 5800 9600 0 1533 87 5.7
PLATZ 0 5800 9800 0 1445 47 3.3
PLATZ 0 5800 10000 0 1358 42 3.1
PLATZ 0 5800 10200 0 1279 60 4.7
PLATZ 0 5800 10400 0 1209 78 6.5
PLATZ 0 5800 10600 0 1148 109 9.5
PLATZ 0 5800 10800 0 1092 136 12.5
PLATZ 0 5800 11000 0 1037 129 12.4
PLATZ 0 5800 11200 0 984 121 12.3
PLATZ 0 5800 11400 0 947 104 11.0
PLATZ 0 5800 11600 0 899 89 9.9
PLATZ 0 6000 7400 0 1 0 0.0
PLATZ 0 6000 7600 0 84 0 0.0
PLATZ 0 6000 7800 0 503 2 0.4
PLATZ 0 6000 8000 0 914 12 1.3
PLATZ 0 6000 8200 0 1285 18 1.4
PLATZ 0 6000 8400 0 1612 21 1.3
PLATZ 0 6000 8600 0 1893 21 1.1
PLATZ 0 6000 8800 0 1965 42 2.1
PLATZ 0 6000 9000 0 1856 57 3.1
PLATZ 0 6000 9200 0 1740 70 4.0
PLATZ 0 6000 9400 0 1643 96 5.8
PLATZ 0 6000 9600 0 1545 77 5.0
PLATZ 0 6000 9800 0 1461 62 4.2
PLATZ 0 6000 10000 0 1352 40 3.0
PLATZ 0 6000 10200 0 1289 30 2.3
PLATZ 0 6000 10400 0 1243 41 3.3
PLATZ 0 6000 10600 0 1163 58 5.0
PLATZ 0 6000 10800 0 1090 85 7.8
PLATZ 0 6000 11000 0 1038 99 9.5
PLATZ 0 6000 11200 0 992 104 10.5
PLATZ 0 6000 11400 0 939 106 11.3
PLATZ 0 6000 11600 0 908 88 9.7
PLATZ 0 6000 11800 0 864 71 8.2
PLATZ 0 6200 7600 0 2 0 0.0
PLATZ 0 6200 7800 0 100 0 0.0
PLATZ 0 6200 8600 0 1556 20 1.3
PLATZ 0 6200 8800 0 1816 22 1.2
PLATZ 0 6200 9000 0 1883 36 1.9
PLATZ 0 6200 9200 0 1746 53 3.0
PLATZ 0 6200 9400 0 1658 72 4.3
PLATZ 0 6200 9600 0 1554 72 4.6
PLATZ 0 6200 9800 0 1445 52 3.6
PLATZ 0 6200 10000 0 1388 38 2.7
PLATZ 0 6200 10200 0 1293 23 1.8
PLATZ 0 6200 10400 0 1229 21 1.7
PLATZ 0 6200 10600 0 1174 30 2.6
PLATZ 0 6200 10800 0 1104 52 4.7
PLATZ 0 6200 11000 0 1035 68 6.6
PLATZ 0 6200 11200 0 1002 88 8.8
PLATZ 0 6200 11400 0 958 86 9.0
PLATZ 0 6200 11600 0 915 90 9.8
PLATZ 0 6200 11800 0 866 75 8.7
PLATZ 0 6200 12000 0 838 57 6.8
PLATZ 0 6400 9000 0 1727 20 1.2
PLATZ 0 6400 9200 0 1756 28 1.6
PLATZ 0 6400 9400 0 1655 39 2.4
PLATZ 0 6400 9600 0 1583 64 4.0
PLATZ 0 6400 9800 0 1487 53 3.6
PLATZ 0 6400 10000 0 1387 33 2.4
PLATZ 0 6400 10200 0 1304 25 1.9
PLATZ 0 6400 10400 0 1246 13 1.0
PLATZ 0 6400 11800 0 896 68 7.6
PLATZ 0 6400 12000 0 825 58 7.0
PLATZ 0 6600 9200 0 1660 4 0.2
PLATZ 0 6600 9400 0 1684 26 1.5
PLATZ 0 6600 9600 0 1580 34 2.2
PLATZ 0 6600 9800 0 1472 45 3.1
PLATZ 0 6600 10000 0 1395 45 3.2
PLATZ 0 6600 10200 0 1319 33 2.5
PLATZ 0 6600 12000 0 845 55 6.5
PLATZ 0 6800 9400 0 1586 19 1.2
PLATZ 0 6800 9600 0 1587 25 1.6
PLATZ 0 6800 9800 0 1470 30 2.0
PLATZ 0 6800 10000 0 1399 39 2.8
PLATZ 1 -6800 16800 0 2 0 0.0
PLATZ 1 -6600 16400 0 2 0 0.0
PLATZ 1 -6600 16600 0 8 0 0.0
PLATZ 1 -6600 16800 0 10 0 0.0
PLATZ 1 -6400 16000 0 3 0 0.0
PLATZ 1 -6400 16200 0 7 0 0.0
PLATZ 1 -6400 16400 0 12 0 0.0
PLATZ 1 -6400 16600 0 25 0 0.0
PLATZ 1 -6400 16800 0 64 0 0.0
PLATZ 1 -6200 15600 0 5 0 0.0
PLATZ 1 -6200 15800 0 8 0 0.0
PLATZ 1 -6200 16000 0 16 0 0.0
PLATZ 1 -6200 16200 0 27 0 0.0
PLATZ 1 -6200 16400 0 81 0 0.0
PLATZ 1 -6200 16600 0 139 0 0.0
PLATZ 1 -6200 16800 0 199 0 0.0
PLATZ 1 -6000 15000 0 1 0 0.0
PLATZ 1 -6000 15200 0 6 0 0.0
PLATZ 1 -6000 15400 0 10 0 0.0
PLATZ 1 -6000 15600 0 19 0 0.0
PLATZ 1 -6000 15800 0 41 0 0.0
PLATZ 1 -6000 16000 0 101 0 0.0
PLATZ 1 -6000 16200 0 158 0 0.0
PLATZ 1 -6000 16400 0 235 0 0.0
PLATZ 1 -6000 16600 0 308 0 0.0
PLATZ 1 -6000 16800 0 361 0 0.0
PLATZ 1 -5800 14600 0 2 0 0.0
PLATZ 1 -5800 14800 0 8 0 0.0
PLATZ 1 -5800 15000 0 11 0 0.0
PLATZ 1 -5800 15200 0 21 0 0.0
PLATZ 1 -5800 15400 0 55 0 0.0
PLATZ 1 -5800 15600 0 125 0 0.0
PLATZ 1 -5800 15800 0 193 0 0.0
PLATZ 1 -5800 16000 0 281 0 0.0
PLATZ 1 -5800 16200 0 337 0 0.0
PLATZ 1 -5800 16400 0 412 0 0.0
PLATZ 1 -5800 16600 0 460 0 0.0
PLATZ 1 -5800 16800 0 494 0 0.0
PLATZ 1 -5600 14200 0 3 0 0.0
PLATZ 1 -5600 14400 0 11 0 0.0
PLATZ 1 -5600 14600 0 14 0 0.0
PLATZ 1 -5600 14800 0 28 0 0.0
PLATZ 1 -5600 15000 0 76 0 0.0
PLATZ 1 -5600 15200 0 153 0 0.0
PLATZ 1 -5600 15400 0 224 0 0.0
PLATZ 1 -5600 15600 0 303 0 0.0
PLATZ 1 -5600 15800 0 377 0 0.0
PLATZ 1 -5600 16000 0 442 0 0.0
PLATZ 1 -5600 16200 0 495 0 0.0
PLATZ 1 -5600 16400 0 542 0 0.0
PLATZ 1 -5600 16600 0 573 0 0.0
PLATZ 1 -5600 16800 0 587 0 0.0
PLATZ 1 -5400 13800 0 6 0 0.0
PLATZ 1 -5400 14000 0 13 0 0.0
PLATZ 1 -5400 14200 0 16 0 0.0
PLATZ 1 -5400 14400 0 34 0 0.0
PLATZ 1 -5400 14600 0 99 0 0.0
PLATZ 1 -5400 14800 0 177 0 0.0
PLATZ 1 -5400 15000 0 257 0 0.0
PLATZ 1 -5400 15200 0 354 0 0.0
PLATZ 1 -5400 15400 0 428 0 0.0
PLATZ 1 -5400 15600 0 495 0 0.0
PLATZ 1 -5400 15800 0 542 0 0.0
PLATZ 1 -5400 16000 0 580 0 0.0
PLATZ 1 -5400 16200 0 615 0 0.0
PLATZ 1 -5400 16400 0 617 0 0.0
PLATZ 1 -5400 16600 0 612 0 0.0
PLATZ 1 -5400 16800 0 590 0 0.0
PLATZ 1 -5200 13200 0 1 0 0.0
PLATZ 1 -5200 13400 0 8 0 0.0
PLATZ 1 -5200 13600 0 11 0 0.0
PLATZ 1 -5200 13800 0 25 0 0.0
PLATZ 1 -5200 14000 0 48 0 0.0
PLATZ 1 -5200 14200 0 128 0 0.0
PLATZ 1 -5200 14400 0 216 0 0.0
PLATZ 1 -5200 14600 0 307 0 0.0
PLATZ 1 -5200 14800 0 401 0 0.0
PLATZ 1 -5200 15000 0 481 0 0.0
PLATZ 1 -5200 15200 0 530 0 0.0
PLATZ 1 -5200 15400 0 590 0 0.0
PLATZ 1 -5200 15600 0 629 0 0.0
PLATZ 1 -5200 15800 0 663 0 0.0
PLATZ 1 -5200 16000 0 664 0 0.0
PLATZ 1 -5200 16200 0 648 0 0.0
PLATZ 1 -5200 16400 0 610 0 0.0
PLATZ 1 -5200 16600 0 590 0 0.0
PLATZ 1 -5200 16800 0 578 0 0.0
PLATZ 1 -5000 12800 0 4 0 0.0
PLATZ 1 -5000 13000 0 7 0 0.0
PLATZ 1 -5000 13200 0 18 0 0.0
PLATZ 1 -5000 13400 0 28 0 0.0
PLATZ 1 -5000 13600 0 69 0 0.0
PLATZ 1 -5000 13800 0 158 0 0.0
PLATZ 1 -5000 14000 0 248 0 0.0
PLATZ 1 -5000 14200 0 353 0 0.0
PLATZ 1 -5000 14400 0 444 0 0.0
PLATZ 1 -5000 14600 0 535 0 0.0
PLATZ 1 -5000 14800 0 575 0 0.0
PLATZ 1 -5000 15000 0 644 0 0.0
PLATZ 1 -5000 15200 0 682 0 0.0
PLATZ 1 -5000 15400 0 717 0 0.0
PLATZ 1 -5000 15600 0 706 0 0.0
PLATZ 1 -5000 15800 0 688 0 0.0
PLATZ 1 -5000 16000 0 652 0 0.0
PLATZ 1 -5000 16200 0 628 0 0.0
PLATZ 1 -5000 16400 0 602 0 0.0
PLATZ 1 -5000 16600 0 568 0 0.0
PLATZ 1 -5000 16800 0 567 0 0.0
PLATZ 1 -4800 12400 0 4 0 0.0
PLATZ 1 -4800 12600 0 12 0 0.0
PLATZ 1 -4800 12800 0 20 0 0.0
PLATZ 1 -4800 13000 0 32 0 0.0
PLATZ 1 -4800 13200 0 90 0 0.0
PLATZ 1 -4800 13400 0 198 0 0.0
PLATZ 1 -4800 13600 0 297 0 0.0
PLATZ 1 -4800 13800 0 402 0 0.0
PLATZ 1 -4800 14000 0 512 0 0.0
PLATZ 1 -4800 14200 0 585 0 0.0
PLATZ 1 -4800 14400 0 648 0 0.0
PLATZ 1 -4800 14600 0 712 0 0.0
PLATZ 1 -4800 14800 0 746 0 0.0
PLATZ 1 -4800 15000 0 768 0 0.0
PLATZ 1 -4800 15200 0 744 0 0.0
PLATZ 1 -4800 15400 0 717 0 0.0
PLATZ 1 -4800 15600 0 691 0 0.0
PLATZ 1 -4800 15800 0 660 0 0.0
PLATZ 1 -4800 16000 0 641 0 0.0
PLATZ 1 -4800 16200 0 612 0 0.0
PLATZ 1 -4800 16400 0 593 0 0.0
PLATZ 1 -4800 16600 0 561 0 0.0
PLATZ 1 -4800 16800 0 553 0 0.0
PLATZ 1 -4600 12000 0 7 0 0.0
PLATZ 1 -4600 12200 0 20 0 0.0
PLATZ 1 -4600 12400 0 24 0 0.0
PLATZ 1 -4600 12600 0 44 0 0.0
PLATZ 1 -4600 12800 0 137 0 0.0
PLATZ 1 -4600 13000 0 236 0 0.0
PLATZ 1 -4600 13200 0 348 0 0.0
PLATZ 1 -4600 13400 0 483 0 0.0
PLATZ 1 -4600 13600 0 570 0 0.0
PLATZ 1 -4600 13800 0 649 0 0.0
PLATZ 1 -4600 14000 0 720 0 0.0
PLATZ 1 -4600 14200 0 771 0 0.0
PLATZ 1 -4600 14400 0 797 0 0.0
PLATZ 1 -4600 14600 0 821 0 0.0
PLATZ 1 -4600 14800 0 794 0 0.0
PLATZ 1 -4600 15000 0 747 0 0.0
PLATZ 1 -4600 15200 0 735 0 0.0
PLATZ 1 -4600 15400 0 696 0 0.0
PLATZ 1 -4600 15600 0 682 0 0.0
PLATZ 1 -4600 15800 0 638 0 0.0
PLATZ 1 -4600 16000 0 624 0 0.0
PLATZ 1 -4600 16200 0 602 0 0.0
PLATZ 1 -4600 16400 0 575 0 0.0
PLATZ 1 -4600 16600 0 551 0 0.0
PLATZ 1 -4600 16800 0 531 0 0.0
PLATZ 1 -4400 11400 0 1 0 0.0
PLATZ 1 -4400 11600 0 10 0 0.0
PLATZ 1 -4400 11800 0 19 0 0.0
PLATZ 1 -4400 12000 0 30 0 0.0
PLATZ 1 -4400 12200 0 61 0 0.0
PLATZ 1 -4400 12400 0 173 0 0.0
PLATZ 1 -4400 12600 0 282 0 0.0
PLATZ 1 -4400 12800 0 412 0 0.0
PLATZ 1 -4400 13000 0 548 0 0.0
PLATZ 1 -4400 13200 0 636 0 0.0
PLATZ 1 -4400 13400 0 721 0 0.0
PLATZ 1 -4400 13600 0 794 0 0.0
PLATZ 1 -4400 13800 0 848 0 0.0
PLATZ 1 -4400 14000 0 872 0 0.0
PLATZ 1 -4400 14200 0 878 0 0.0
PLATZ 1 -4400 14400 0 839 0 0.0
PLATZ 1 -4400 14600 0 807 0 0.0
PLATZ 1 -4400 14800 0 771 0 0.0
PLATZ 1 -4400 15000 0 728 0 0.0
PLATZ 1 -4400 15200 0 717 0 0.0
PLATZ 1 -4400 15400 0 684 0 0.0
PLATZ 1 -4400 15600 0 652 0 0.0
PLATZ 1 -4400 15800 0 633 0 0.0
PLATZ 1 -4400 16000 0 602 0 0.0
PLATZ 1 -4400 16200 0 588 0 0.0
PLATZ 1 -4400 16400 0 568 0 0.0
PLATZ 1 -4400 16600 0 543 0 0.0
PLATZ 1 -4400 16800 0 527 0 0.0
PLATZ 1 -4200 11000 0 4 0 0.0
PLATZ 1 -4200 11200 0 12 0 0.0
PLATZ 1 -4200 11400 0 21 0 0.0
PLATZ 1 -4200 11600 0 32 0 0.0
PLATZ 1 -4200 11800 0 102 0 0.0
PLATZ 1 -4200 12000 0 217 0 0.0
PLATZ 1 -4200 12200 0 336 0 0.0
PLATZ 1 -4200 12400 0 480 0 0.0
PLATZ 1 -4200 12600 0 619 0 0.0
PLATZ 1 -4200 12800 0 726 0 0.0
PLATZ 1 -4200 13000 0 794 0 0.0
PLATZ 1 -4200 13200 0 874 0 0.0
PLATZ 1 -4200 13400 0 924 0 0.0
PLATZ 1 -4200 13600 0 955 0 0.0
PLATZ 1 -4200 13800 0 937 0 0.0
PLATZ 1 -4200 14000 0 890 0 0.0
PLATZ 1 -4200 14200 0 874 0 0.0
PLATZ 1 -4200 14400 0 825 0 0.0
PLATZ 1 -4200 14600 0 786 0 0.0
PLATZ 1 -4200 14800 0 756 0 0.0
PLATZ 1 -4200 15000 0 732 0 0.0
PLATZ 1 -4200 15200 0 696 0 0.0
PLATZ 1 -4200 15400 0 677 0 0.0
PLATZ 1 -4200 15600 0 640 0 0.0
PLATZ 1 -4200 15800 0 617 0 0.0
PLATZ 1 -4200 16000 0 588 0 0.0
PLATZ 1 -4200 16200 0 579 0 0.0
PLATZ 1 -4200 16400 0 563 0 0.0
PLATZ 1 -4200 16600 0 541 0 0.0
PLATZ 1 -4200 16800 0 512 0 0.0
PLATZ 1 -4000 10600 0 7 0 0.0
PLATZ 1 -4000 10800 0 19 0 0.0
PLATZ 1 -4000 11000 0 24 0 0.0
PLATZ 1 -4000 11200 0 41 0 0.0
PLATZ 1 -4000 11400 0 146 0 0.0
PLATZ 1 -4000 11600 0 262 0 0.0
PLATZ 1 -4000 11800 0 406 0 0.0
PLATZ 1 -4000 12000 0 574 0 0.0
PLATZ 1 -4000 12200 0 699 0 0.0
PLATZ 1 -4000 12400 0 812 0 0.0
PLATZ 1 -4000 12600 0 902 0 0.0
PLATZ 1 -4000 12800 0 972 0 0.0
PLATZ 1 -4000 13000 0 1013 0 0.0
PLATZ 1 -4000 13200 0 1028 0 0.0
PLATZ 1 -4000 13400 0 1008 0 0.0
PLATZ 1 -4000 13600 0 958 0 0.0
PLATZ 1 -4000 13800 0 908 0 0.0
PLATZ 1 -4000 14000 0 884 0 0.0
PLATZ 1 -4000 14200 0 845 0 0.0
PLATZ 1 -4000 14400 0 792 0 0.0
PLATZ 1 -4000 14600 0 752 0 0.0
PLATZ 1 -4000 14800 0 739 0 0.0
PLATZ 1 -4000 15000 0 699 0 0.0
PLATZ 1 -4000 15200 0 681 0 0.0
PLATZ 1 -4000 15400 0 664 0 0.0
PLATZ 1 -4000 15600 0 629 0 0.0
PLATZ 1 -4000 15800 0 611 0 0.0
PLATZ 1 -4000 16000 0 587 0 0.0
PLATZ 1 -4000 16200 0 567 0 0.0
PLATZ 1 -4000 16400 0 551 0 0.0
PLATZ 1 -4000 16600 0 536 0 0.0
PLATZ 1 -4000 16800 0 507 0 0.0
PLATZ 1 -3800 10200 0 10 0 0.0
PLATZ 1 -3800 10400 0 23 0 0.0
PLATZ 1 -3800 10600 0 37 0 0.0
PLATZ 1 -3800 10800 0 59 0 0.0
PLATZ 1 -3800 11000 0 184 0 0.0
PLATZ 1 -3800 11200 0 326 0 0.0
PLATZ 1 -3800 11400 0 496 0 0.0
PLATZ 1 -3800 11600 0 685 0 0.0
PLATZ 1 -3800 11800 0 808 0 0.0
PLATZ 1 -3800 12000 0 911 0 0.0
PLATZ 1 -3800 12200 0 1002 0 0.0
PLATZ 1 -3800 12400 0 1088 0 0.0
PLATZ 1 -3800 12600 0 1115 0 0.0
PLATZ 1 -3800 12800 0 1123 0 0.0
PLATZ 1 -3800 13000 0 1078 0 0.0
PLATZ 1 -3800 13200 0 1033 0 0.0
PLATZ 1 -3800 13400 0 974 0 0.0
PLATZ 1 -3800 13600 0 919 0 0.0
PLATZ 1 -3800 13800 0 899 0 0.0
PLATZ 1 -3800 14000 0 845 0 0.0
PLATZ 1 -3800 14200 0 807 0 0.0
PLATZ 1 -3800 14400 0 782 0 0.0
PLATZ 1 -3800 14600 0 744 0 0.0
PLATZ 1 -3800 14800 0 720 0 0.0
PLATZ 1 -3800 15000 0 691 0 0.0
PLATZ 1 -3800 15200 0 676 0 0.0
PLATZ 1 -3800 15400 0 640 0 0.0
PLATZ 1 -3800 15600 0 617 0 0.0
PLATZ 1 -3800 15800 0 583 0 0.0
PLATZ 1 -3800 16000 0 574 0 0.0
PLATZ 1 -3800 16200 0 541 0 0.0
PLATZ 1 -3800 16400 0 531 0 0.0
PLATZ 1 -3800 16600 0 512 0 0.0
PLATZ 1 -3800 16800 0 489 0 0.0
PLATZ 1 -3600 9600 0 1 0 0.0
PLATZ 1 -3600 9800 0 15 0 0.0
PLATZ 1 -3600 10000 0 28 0 0.0
PLATZ 1 -3600 10200 0 42 0 0.0
PLATZ 1 -3600 10400 0 87 0 0.0
PLATZ 1 -3600 10600 0 231 0 0.0
PLATZ 1 -3600 10800 0 403 0 0.0
PLATZ 1 -3600 11000 0 592 0 0.0
PLATZ 1 -3600 11200 0 795 0 0.0
PLATZ 1 -3600 11400 0 924 0 0.0
PLATZ 1 -3600 11600 0 1039 0 0.0
PLATZ 1 -3600 11800 0 1122 0 0.0
PLATZ 1 -3600 12000 0 1198 0 0.0
PLATZ 1 -3600 12200 0 1233 0 0.0
PLATZ 1 -3600 12400 0 1231 0 0.0
PLATZ 1 -3600 12600 0 1165 0 0.0
PLATZ 1 -3600 12800 0 1114 0 0.0
PLATZ 1 -3600 13000 0 1057 0 0.0
PLATZ 1 -3600 13200 0 995 0 0.0
PLATZ 1 -3600 13400 0 957 0 0.0
PLATZ 1 -3600 13600 0 902 0 0.0
PLATZ 1 -3600 13800 0 866 0 0.0
PLATZ 1 -3600 14000 0 830 0 0.0
PLATZ 1 -3600 14200 0 791 0 0.0
PLATZ 1 -3600 14400 0 761 0 0.0
PLATZ 1 -3600 14600 0 717 0 0.0
PLATZ 1 -3600 14800 0 708 0 0.0
PLATZ 1 -3600 15000 0 679 0 0.0
PLATZ 1 -3600 15200 0 648 0 0.0
PLATZ 1 -3600 15400 0 626 0 0.0
PLATZ 1 -3600 15600 0 596 0 0.0
PLATZ 1 -3600 15800 0 576 0 0.0
PLATZ 1 -3600 16000 0 561 0 0.0
PLATZ 1 -3600 16200 0 533 0 0.0
PLATZ 1 -3600 16400 0 526 0 0.0
PLATZ 1 -3600 16600 0 498 0 0.0
PLATZ 1 -3600 16800 0 490 0 0.0
PLATZ 1 -3400 9400 0 23 0 0.0
PLATZ 1 -3400 9600 0 34 0 0.0
PLATZ 1 -3400 9800 0 51 0 0.0
PLATZ 1 -3400 10000 0 137 0 0.0
PLATZ 1 -3400 10200 0 326 0 0.0
PLATZ 1 -3400 10400 0 512 0 0.0
PLATZ 1 -3400 10600 0 714 0 0.0
PLATZ 1 -3400 10800 0 911 0 0.0
PLATZ 1 -3400 11000 0 1050 0 0.0
PLATZ 1 -3400 11200 0 1151 0 0.0
PLATZ 1 -3400 11400 0 1263 0 0.0
PLATZ 1 -3400 11600 0 1343 0 0.0
PLATZ 1 -3400 11800 0 1356 0 0.0
PLATZ 1 -3400 12000 0 1327 0 0.0
PLATZ 1 -3400 12200 0 1257 0 0.0
PLATZ 1 -3400 12400 0 1193 0 0.0
PLATZ 1 -3400 12600 0 1117 0 0.0
PLATZ 1 -3400 12800 0 1075 0 0.0
PLATZ 1 -3400 13000 0 1006 0 0.0
PLATZ 1 -3400 13200 0 963 0 0.0
PLATZ 1 -3400 13400 0 941 0 0.0
PLATZ 1 -3400 13600 0 882 0 0.0
PLATZ 1 -3400 13800 0 852 0 0.0
PLATZ 1 -3400 14000 0 819 0 0.0
PLATZ 1 -3400 14200 0 781 0 0.0
PLATZ 1 -3400 14400 0 739 0 0.0
PLATZ 1 -3400 14600 0 732 0 0.0
PLATZ 1 -3400 14800 0 686 0 0.0
PLATZ 1 -3400 15000 0 659 0 0.0
PLATZ 1 -3400 15200 0 643 0 0.0
PLATZ 1 -3400 15400 0 611 0 0.0
PLATZ 1 -3400 15600 0 587 0 0.0
PLATZ 1 -3400 15800 0 560 0 0.0
PLATZ 1 -3400 16000 0 543 0 0.0
PLATZ 1 -3400 16200 0 531 0 0.0
PLATZ 1 -3400 16400 0 524 0 0.0
PLATZ 1 -3400 16600 0 501 0 0.0
PLATZ 1 -3400 16800 0 487 0 0.0
PLATZ 1 -3200 9400 0 65 0 0.0
PLATZ 1 -3200 9600 0 204 0 0.0
PLATZ 1 -3200 9800 0 429 0 0.0
PLATZ 1 -3200 10000 0 625 0 0.0
PLATZ 1 -3200 10200 0 880 0 0.0
PLATZ 1 -3200 10400 0 1054 0 0.0
PLATZ 1 -3200 10600 0 1201 0 0.0
PLATZ 1 -3200 10800 0 1317 0 0.0
PLATZ 1 -3200 11000 0 1385 0 0.0
PLATZ 1 -3200 11200 0 1466 0 0.0
PLATZ 1 -3200 11400 0 1500 0 0.0
PLATZ 1 -3200 11600 0 1439 0 0.0
PLATZ 1 -3200 11800 0 1362 0 0.0
PLATZ 1 -3200 12000 0 1293 0 0.0
PLATZ 1 -3200 12200 0 1217 0 0.0
PLATZ 1 -3200 12400 0 1141 0 0.0
PLATZ 1 -3200 12600 0 1082 0 0.0
PLATZ 1 -3200 12800 0 1028 0 0.0
PLATZ 1 -3200 13000 0 987 0 0.0
PLATZ 1 -3200 13200 0 935 0 0.0
PLATZ 1 -3200 13400 0 905 0 0.0
PLATZ 1 -3200 13600 0 864 0 0.0
PLATZ 1 -3200 13800 0 829 0 0.0
PLATZ 1 -3200 14000 0 793 0 0.0
PLATZ 1 -3200 14200 0 767 0 0.0
PLATZ 1 -3200 14400 0 733 0 0.0
PLATZ 1 -3200 14600 0 687 0 0.0
PLATZ 1 -3200 14800 0 678 0 0.0
PLATZ 1 -3200 15000 0 649 0 0.0
PLATZ 1 -3200 15200 0 620 0 0.0
PLATZ 1 -3200 15400 0 594 0 0.0
PLATZ 1 -3200 15600 0 580 0 0.0
PLATZ 1 -3200 15800 0 561 0 0.0
PLATZ 1 -3200 16000 0 543 0 0.0
PLATZ 1 -3200 16200 0 522 0 0.0
PLATZ 1 -3200 16400 0 514 0 0.0
PLATZ 1 -3200 16600 0 492 0 0.0
PLATZ 1 -3200 16800 0 476 0 0.0
PLATZ 1 -400 3400 1 5107 0 0.0
PLATZ 1 -400 3600 1 11653 0 0.0
PLATZ 1 -400 3800 1 17638 0 0.0
PLATZ 1 -400 4000 1 20696 0 0.0
PLATZ 1 -400 4200 1 20415 0 0.0
PLATZ 1 -400 4400 1 18630 0 0.0
PLATZ 1 -400 4600 1 16827 0 0.0
PLATZ 1 -400 4800 1 14603 0 0.0
PLATZ 1 -400 5000 1 12847 14 0.1
PLATZ 1 -400 5200 1 10687 0 0.0
PLATZ 1 -400 5400 1 9018 4 0.0
PLATZ 1 -400 5600 1 7788 0 0.0
PLATZ 1 -400 5800 1 6750 0 0.0
PLATZ 1 -400 6000 1 5986 0 0.0
PLATZ 1 -400 6200 1 5354 0 0.0
PLATZ 1 -400 6400 1 4813 0 0.0
PLATZ 1 -400 6600 1 4399 0 0.0
PLATZ 1 -400 6800 1 4044 0 0.0
PLATZ 1 -400 7000 1 3708 0 0.0
PLATZ 1 -400 7200 1 3422 0 0.0
PLATZ 1 -400 7400 1 3177 0 0.0
PLATZ 1 -400 7600 1 2947 0 0.0
PLATZ 1 -400 7800 1 2751 0 0.0
PLATZ 1 -400 8000 1 2556 0 0.0
PLATZ 1 -400 8200 1 2415 0 0.0
PLATZ 1 -400 8400 1 2251 0 0.0
PLATZ 1 -400 8600 1 2122 0 0.0
PLATZ 1 -400 8800 1 1979 7 0.4
PLATZ 1 -400 9000 1 1886 0 0.0
PLATZ 1 -400 9200 1 1772 0 0.0
PLATZ 1 -400 9400 1 1696 0 0.0
PLATZ 1 -400 9600 1 1621 0 0.0
PLATZ 1 -400 9800 1 1541 0 0.0
PLATZ 1 -400 10000 1 1459 0 0.0
PLATZ 1 -400 10200 1 1396 0 0.0
PLATZ 1 -400 10400 1 1336 0 0.0
PLATZ 1 -400 10600 1 1261 0 0.0
PLATZ 1 -400 10800 1 1232 0 0.0
PLATZ 1 -400 11000 1 1189 0 0.0
PLATZ 1 -400 11200 1 1122 0 0.0
PLATZ 1 -400 11400 1 1070 0 0.0
PLATZ 1 -400 11600 1 1007 0 0.0
PLATZ 1 -400 11800 1 957 0 0.0
PLATZ 1 -400 12000 1 916 0 0.0
PLATZ 1 -400 12200 1 879 0 0.0
PLATZ 1 -400 12400 1 828 0 0.0
PLATZ 1 -400 12600 1 800 0 0.0
PLATZ 1 -400 12800 1 785 0 0.0
PLATZ 1 -400 13000 1 756 0 0.0
PLATZ 1 -400 13200 1 721 0 0.0
PLATZ 1 -400 13400 1 686 0 0.0
PLATZ 1 -400 13600 1 665 1 0.2
PLATZ 1 -400 13800 1 636 3 0.5
PLATZ 1 -400 14000 1 609 5 0.8
PLATZ 1 -400 14200 1 596 5 0.8
PLATZ 1 -200 3000 0 13853 0 0.0
PLATZ 1 -200 3200 0 30024 0 0.0
PLATZ 1 -200 3400 1 29520 0 0.0
PLATZ 1 -200 3600 1 46848 0 0.0
PLATZ 1 -200 3800 1 40049 0 0.0
PLATZ 1 -200 4000 1 32106 0 0.0
PLATZ 1 -200 4200 1 24882 0 0.0
PLATZ 1 -200 4400 1 19741 0 0.0
PLATZ 1 -200 4600 1 16471 0 0.0
PLATZ 1 -200 4800 1 14329 0 0.0
PLATZ 1 -200 5000 1 12308 0 0.0
PLATZ 1 -200 5200 1 10214 0 0.0
PLATZ 1 -200 5400 1 8683 0 0.0
PLATZ 1 -200 5600 1 7510 0 0.0
PLATZ 1 -200 5800 1 6542 0 0.0
PLATZ 1 -200 6000 1 5822 0 0.0
PLATZ 1 -200 6200 1 5201 0 0.0
PLATZ 1 -200 6400 1 4664 0 0.0
PLATZ 1 -200 6600 1 4237 0 0.0
PLATZ 1 -200 6800 1 3908 0 0.0
PLATZ 1 -200 7000 1 3601 0 0.0
PLATZ 1 -200 7200 1 3290 0 0.0
PLATZ 1 -200 7400 1 3081 0 0.0
PLATZ 1 -200 7600 1 2856 0 0.0
PLATZ 1 -200 7800 1 2638 0 0.0
PLATZ 1 -200 8000 1 2484 0 0.0
PLATZ 1 -200 8200 1 2336 0 0.0
PLATZ 1 -200 8400 1 2217 0 0.0
PLATZ 1 -200 8600 1 2087 0 0.0
PLATZ 1 -200 8800 1 1947 0 0.0
PLATZ 1 -200 9000 1 1856 0 0.0
PLATZ 1 -200 9200 1 1760 0 0.0
PLATZ 1 -200 9400 1 1695 0 0.0
PLATZ 1 -200 9600 1 1579 0 0.0
PLATZ 1 -200 9800 1 1499 0 0.0
PLATZ 1 -200 10000 1 1455 0 0.0
PLATZ 1 -200 10200 1 1373 0 0.0
PLATZ 1 -200 10400 1 1325 0 0.0
PLATZ 1 -200 10600 1 1259 0 0.0
PLATZ 1 -200 10800 1 1213 0 0.0
PLATZ 1 -200 11000 1 1169 0 0.0
PLATZ 1 -200 11200 1 1091 0 0.0
PLATZ 1 -200 11400 1 1041 0 0.0
PLATZ 1 -200 11600 1 1004 0 0.0
PLATZ 1 -200 11800 1 960 0 0.0
PLATZ 1 -200 12000 1 924 0 0.0
PLATZ 1 -200 12200 1 876 0 0.0
PLATZ 1 -200 12400 1 838 0 0.0
PLATZ 1 -200 12600 1 789 0 0.0
PLATZ 1 -200 12800 1 766 0 0.0
PLATZ 1 -200 13000 1 748 0 0.0
PLATZ 1 -200 13200 1 716 0 0.0
PLATZ 1 -200 13400 1 680 0 0.0
PLATZ 1 -200 13600 1 663 1 0.2
PLATZ 1 -200 13800 1 652 1 0.2
PLATZ 1 -200 14000 1 631 0 0.0
PLATZ 1 -200 14200 1 610 3 0.5
PLATZ 1 0 2800 0 48376 0 0.0
PLATZ 1 0 3000 0 49501 0 0.0
PLATZ 1 0 3200 0 69638 0 0.0
PLATZ 1 0 3400 1 54128 0 0.0
PLATZ 1 0 3600 1 73920 0 0.0
PLATZ 1 0 3800 1 55434 0 0.0
PLATZ 1 0 4000 1 33103 0 0.0
PLATZ 1 0 4200 1 24618 0 0.0
PLATZ 1 0 4400 1 19766 0 0.0
PLATZ 1 0 4600 1 16250 0 0.0
PLATZ 1 0 4800 1 14212 0 0.0
PLATZ 1 0 5000 1 11907 0 0.0
PLATZ 1 0 5200 1 10013 0 0.0
PLATZ 1 0 5400 1 8497 0 0.0
PLATZ 1 0 5600 1 7337 0 0.0
PLATZ 1 0 5800 1 6427 0 0.0
PLATZ 1 0 6000 1 5676 0 0.0
PLATZ 1 0 6200 1 5059 0 0.0
PLATZ 1 0 6400 1 4557 0 0.0
PLATZ 1 0 6600 1 4170 0 0.0
PLATZ 1 0 6800 1 3820 0 0.0
PLATZ 1 0 7000 1 3503 0 0.0
PLATZ 1 0 7200 1 3234 0 0.0
PLATZ 1 0 7400 1 2994 0 0.0
PLATZ 1 0 7600 1 2804 0 0.0
PLATZ 1 0 7800 1 2626 0 0.0
PLATZ 1 0 8000 1 2446 0 0.0
PLATZ 1 0 8200 1 2283 0 0.0
PLATZ 1 0 8400 1 2144 0 0.0
PLATZ 1 0 8600 1 2045 0 0.0
PLATZ 1 0 8800 1 1923 0 0.0
PLATZ 1 0 9000 1 1800 0 0.0
PLATZ 1 0 9200 1 1713 0 0.0
PLATZ 1 0 9400 1 1640 0 0.0
PLATZ 1 0 9600 1 1550 0 0.0
PLATZ 1 0 9800 1 1478 0 0.0
PLATZ 1 0 10000 1 1415 0 0.0
PLATZ 1 0 10200 1 1355 0 0.0
PLATZ 1 0 10400 1 1319 0 0.0
PLATZ 1 0 10600 1 1251 0 0.0
PLATZ 1 0 10800 1 1177 0 0.0
PLATZ 1 0 11000 1 1141 0 0.0
PLATZ 1 0 11200 1 1100 0 0.0
PLATZ 1 0 11400 1 1035 0 0.0
PLATZ 1 0 11600 1 996 0 0.0
PLATZ 1 0 11800 1 955 0 0.0
PLATZ 1 0 12000 1 897 0 0.0
PLATZ 1 0 12200 1 861 0 0.0
PLATZ 1 0 12400 1 832 0 0.0
PLATZ 1 0 12600 1 801 0 0.0
PLATZ 1 0 12800 1 770 0 0.0
PLATZ 1 0 13000 1 737 0 0.0
PLATZ 1 0 13200 1 712 0 0.0
PLATZ 1 0 13400 1 674 0 0.0
PLATZ 1 0 13600 1 655 0 0.0
PLATZ 1 0 13800 1 635 1 0.2
PLATZ 1 0 14000 1 616 2 0.3
PLATZ 1 0 14200 1 599 0 0.0
PLATZ 1 200 3000 0 22260 0 0.0
PLATZ 1 200 3200 0 46017 0 0.0
PLATZ 1 200 3400 1 46838 0 0.0
PLATZ 1 200 3600 1 46239 0 0.0
PLATZ 1 200 3800 1 46169 0 0.0
PLATZ 1 200 4000 1 38276 0 0.0
PLATZ 1 200 4200 1 26622 0 0.0
PLATZ 1 200 4400 1 20515 0 0.0
PLATZ 1 200 4600 1 16582 0 0.0
PLATZ 1 200 4800 1 14247 0 0.0
PLATZ 1 200 5000 1 11775 0 0.0
PLATZ 1 200 5200 1 9832 0 0.0
PLATZ 1 200 5400 1 8301 0 0.0
PLATZ 1 200 5600 1 7229 0 0.0
PLATZ 1 200 5800 1 6320 0 0.0
PLATZ 1 200 6000 1 5611 0 0.0
PLATZ 1 200 6200 1 4975 0 0.0
PLATZ 1 200 6400 1 4542 0 0.0
PLATZ 1 200 6600 1 4090 0 0.0
PLATZ 1 200 6800 1 3767 0 0.0
PLATZ 1 200 7000 1 3450 0 0.0
PLATZ 1 200 7200 1 3185 0 0.0
PLATZ 1 200 7400 1 2929 0 0.0
PLATZ 1 200 7600 1 2743 0 0.0
PLATZ 1 200 7800 1 2578 0 0.0
PLATZ 1 200 8000 1 2417 0 0.0
PLATZ 1 200 8200 1 2263 0 0.0
PLATZ 1 200 8400 1 2122 0 0.0
PLATZ 1 200 8600 1 2005 0 0.0
PLATZ 1 200 8800 1 1908 0 0.0
PLATZ 1 200 9000 1 1821 0 0.0
PLATZ 1 200 9200 1 1717 0 0.0
PLATZ 1 200 9400 1 1613 0 0.0
PLATZ 1 200 9600 1 1555 0 0.0
PLATZ 1 200 9800 1 1461 0 0.0
PLATZ 1 200 10000 1 1414 0 0.0
PLATZ 1 200 10200 1 1349 0 0.0
PLATZ 1 200 10400 1 1287 0 0.0
PLATZ 1 200 10600 1 1247 0 0.0
PLATZ 1 200 10800 1 1166 0 0.0
PLATZ 1 200 11000 1 1124 0 0.0
PLATZ 1 200 11200 1 1068 0 0.0
PLATZ 1 200 11400 1 1017 0 0.0
PLATZ 1 200 11600 1 983 0 0.0
PLATZ 1 200 11800 1 931 0 0.0
PLATZ 1 200 12000 1 887 0 0.0
PLATZ 1 200 12200 1 851 0 0.0
PLATZ 1 200 12400 1 819 0 0.0
PLATZ 1 200 12600 1 789 0 0.0
PLATZ 1 200 12800 1 763 0 0.0
PLATZ 1 200 13000 1 715 0 0.0
PLATZ 1 200 13200 1 695 0 0.0
PLATZ 1 200 13400 1 668 0 0.0
PLATZ 1 200 13600 1 639 0 0.0
PLATZ 1 200 13800 1 613 0 0.0
PLATZ 1 200 14000 1 593 0 0.0
PLATZ 1 200 14200 1 579 0 0.0
PLATZ 1 400 3200 0 13881 0 0.0
PLATZ 1 400 3400 1 23918 0 0.0
PLATZ 1 400 3600 1 28763 0 0.0
PLATZ 1 400 3800 1 32233 0 0.0
PLATZ 1 400 4000 1 34585 0 0.0
PLATZ 1 400 4200 1 29200 0 0.0
PLATZ 1 400 4400 1 21945 0 0.0
PLATZ 1 400 4600 1 17468 0 0.0
PLATZ 1 400 4800 1 14660 0 0.0
PLATZ 1 400 5000 1 11910 0 0.0
PLATZ 1 400 5200 1 9839 0 0.0
PLATZ 1 400 5400 1 8392 0 0.0
PLATZ 1 400 5600 1 7233 0 0.0
PLATZ 1 400 5800 1 6340 0 0.0
PLATZ 1 400 6000 1 5565 0 0.0
PLATZ 1 400 6200 1 4997 0 0.0
PLATZ 1 400 6400 1 4507 0 0.0
PLATZ 1 400 6600 1 4078 0 0.0
PLATZ 1 400 6800 1 3754 0 0.0
PLATZ 1 400 7000 1 3446 0 0.0
PLATZ 1 400 7200 1 3182 0 0.0
PLATZ 1 400 7400 1 2968 0 0.0
PLATZ 1 400 7600 1 2735 0 0.0
PLATZ 1 400 7800 1 2580 0 0.0
PLATZ 1 400 8000 1 2390 0 0.0
PLATZ 1 400 8200 1 2248 0 0.0
PLATZ 1 400 8400 1 2140 0 0.0
PLATZ 1 400 8600 1 1988 0 0.0
PLATZ 1 400 8800 1 1877 0 0.0
PLATZ 1 400 9000 1 1794 0 0.0
PLATZ 1 400 9200 1 1680 0 0.0
PLATZ 1 400 9400 1 1593 0 0.0
PLATZ 1 400 9600 1 1538 0 0.0
PLATZ 1 400 9800 1 1457 0 0.0
PLATZ 1 400 10000 1 1411 0 0.0
PLATZ 1 400 10200 1 1353 0 0.0
PLATZ 1 400 10400 1 1262 0 0.0
PLATZ 1 400 10600 1 1245 0 0.0
PLATZ 1 400 10800 1 1156 0 0.0
PLATZ 1 400 11000 1 1132 0 0.0
PLATZ 1 400 11200 1 1066 0 0.0
PLATZ 1 400 11400 1 1018 0 0.0
PLATZ 1 400 11600 1 962 0 0.0
PLATZ 1 400 11800 1 918 0 0.0
PLATZ 1 400 12000 1 886 0 0.0
PLATZ 1 600 3200 0 1 0 0.0
PLATZ 1 600 3400 1 10530 0 0.0
PLATZ 1 600 3600 1 18571 0 0.0
PLATZ 1 600 3800 1 21459 0 0.0
PLATZ 1 600 4000 1 26161 0 0.0
PLATZ 1 600 4200 1 27019 0 0.0
PLATZ 1 600 4400 1 23330 0 0.0
PLATZ 1 600 4600 1 18466 0 0.0
PLATZ 1 600 4800 1 15099 0 0.0
PLATZ 1 600 5000 1 12223 0 0.0
PLATZ 1 600 5200 1 10128 0 0.0
PLATZ 1 600 5400 1 8537 0 0.0
PLATZ 1 600 5600 1 7355 0 0.0
PLATZ 1 600 5800 1 6357 0 0.0
PLATZ 1 600 6000 1 5682 0 0.0
PLATZ 1 600 6200 1 5049 0 0.0
PLATZ 1 600 6400 1 4528 0 0.0
PLATZ 1 600 6600 1 4139 0 0.0
PLATZ 1 600 6800 1 3772 0 0.0
PLATZ 1 600 7000 1 3465 0 0.0
PLATZ 1 600 7200 1 3193 0 0.0
PLATZ 1 600 7400 1 2936 0 0.0
PLATZ 1 600 7600 1 2756 0 0.0
PLATZ 1 600 7800 1 2580 0 0.0
PLATZ 1 600 8000 1 2408 0 0.0
PLATZ 1 600 8200 1 2258 0 0.0
PLATZ 1 600 8400 1 2126 0 0.0
PLATZ 1 600 8600 1 1976 0 0.0
PLATZ 1 600 8800 1 1884 0 0.0
PLATZ 1 600 9000 1 1787 0 0.0
PLATZ 1 600 9200 1 1701 0 0.0
PLATZ 1 600 9400 1 1606 0 0.0
PLATZ 1 600 9600 1 1515 0 0.0
PLATZ 1 600 9800 1 1462 0 0.0
PLATZ 1 600 10000 1 1369 0 0.0
PLATZ 1 600 10200 1 1327 0 0.0
PLATZ 1 600 10400 1 1288 0 0.0
PLATZ 1 600 10600 1 1247 0 0.0
PLATZ 1 600 10800 1 1162 0 0.0
PLATZ 1 600 11000 1 1127 0 0.0
PLATZ 1 600 11200 1 1069 0 0.0
PLATZ 1 600 11400 1 1008 0 0.0
PLATZ 1 600 11600 1 960 0 0.0
PLATZ 1 600 11800 1 933 0 0.0
PLATZ 1 600 12000 1 887 0 0.0
PLATZ 1 800 3400 1 270 0 0.0
PLATZ 1 800 3600 1 9061 0 0.0
PLATZ 1 800 3800 1 15163 0 0.0
PLATZ 1 800 4000 1 18244 0 0.0
PLATZ 1 800 4200 1 22266 0 0.0
PLATZ 1 800 4400 1 22199 0 0.0
PLATZ 1 800 4600 1 19219 0 0.0
PLATZ 1 800 4800 1 15523 0 0.0
PLATZ 1 800 5000 1 12566 0 0.0
PLATZ 1 800 5200 1 10423 0 0.0
PLATZ 1 800 5400 1 8791 0 0.0
PLATZ 1 800 5600 1 7564 0 0.0
PLATZ 1 800 5800 1 6528 0 0.0
PLATZ 1 800 6000 1 5728 0 0.0
PLATZ 1 800 6200 1 5092 0 0.0
PLATZ 1 800 6400 1 4596 0 0.0
PLATZ 1 800 6600 1 4123 0 0.0
PLATZ 1 800 6800 1 3768 0 0.0
PLATZ 1 800 7000 1 3500 0 0.0
PLATZ 1 800 7200 1 3188 0 0.0
PLATZ 1 800 7400 1 2963 0 0.0
PLATZ 1 800 7600 1 2771 0 0.0
PLATZ 1 800 7800 1 2592 0 0.0
PLATZ 1 800 8000 1 2441 0 0.0
PLATZ 1 800 8200 1 2276 0 0.0
PLATZ 1 800 8400 1 2133 0 0.0
PLATZ 1 800 8600 1 2029 0 0.0
PLATZ 1 800 8800 1 1910 0 0.0
PLATZ 1 800 9000 1 1770 0 0.0
PLATZ 1 800 9200 1 1716 0 0.0
PLATZ 1 800 9400 1 1624 0 0.0
PLATZ 1 800 9600 1 1522 0 0.0
PLATZ 1 800 9800 1 1462 0 0.0
PLATZ 1 800 10000 1 1401 0 0.0
PLATZ 1 800 10200 1 1345 0 0.0
PLATZ 1 800 10400 1 1288 0 0.0
PLATZ 1 800 10600 1 1234 0 0.0
PLATZ 1 800 10800 1 1189 0 0.0
PLATZ 1 800 11000 1 1125 0 0.0
PLATZ 1 800 11200 1 1069 0 0.0
PLATZ 1 800 11400 1 1008 0 0.0
PLATZ 1 800 11600 1 953 0 0.0
PLATZ 1 800 11800 1 925 0 0.0
PLATZ 1 800 12000 1 880 0 0.0
PLATZ 1 1000 3600 1 792 0 0.0
PLATZ 1 1000 3800 1 8225 0 0.0
PLATZ 1 1000 4000 1 12523 0 0.0
PLATZ 1 1000 4200 1 16634 0 0.0
PLATZ 1 1000 4400 1 18939 0 0.0
PLATZ 1 1000 4600 1 18637 0 0.0
PLATZ 1 1000 4800 1 15891 0 0.0
PLATZ 1 1000 5000 1 12841 0 0.0
PLATZ 1 1000 5200 1 10713 0 0.0
PLATZ 1 1000 5400 1 8997 0 0.0
PLATZ 1 1000 5600 1 7747 0 0.0
PLATZ 1 1000 5800 1 6714 0 0.0
PLATZ 1 1000 6000 1 5918 0 0.0
PLATZ 1 1000 6200 1 5202 0 0.0
PLATZ 1 1000 6400 1 4662 0 0.0
PLATZ 1 1000 6600 1 4194 0 0.0
PLATZ 1 1000 6800 1 3832 0 0.0
PLATZ 1 1000 7000 1 3528 0 0.0
PLATZ 1 1000 7200 1 3248 0 0.0
PLATZ 1 1000 7400 1 3014 0 0.0
PLATZ 1 1000 7600 1 2779 0 0.0
PLATZ 1 1000 7800 1 2613 0 0.0
PLATZ 1 1000 8000 1 2405 0 0.0
PLATZ 1 1000 8200 1 2269 0 0.0
PLATZ 1 1000 8400 1 2131 0 0.0
PLATZ 1 1000 8600 1 2015 0 0.0
PLATZ 1 1000 8800 1 1915 0 0.0
PLATZ 1 1000 9000 1 1805 0 0.0
PLATZ 1 1000 9200 1 1720 0 0.0
PLATZ 1 1000 9400 1 1613 0 0.0
PLATZ 1 1000 9600 1 1534 0 0.0
PLATZ 1 1000 9800 1 1464 0 0.0
PLATZ 1 1000 10000 1 1401 0 0.0
PLATZ 1 1000 10200 1 1349 0 0.0
PLATZ 1 1000 10400 1 1299 0 0.0
PLATZ 1 1000 10600 1 1222 0 0.0
PLATZ 1 1000 10800 1 1182 0 0.0
PLATZ 1 1000 11000 1 1115 0 0.0
PLATZ 1 1000 11200 1 1056 0 0.0
PLATZ 1 1000 11400 1 1010 0 0.0
PLATZ 1 1000 11600 1 968 0 0.0
PLATZ 1 1000 11800 1 922 0 0.0
PLATZ 1 1000 12000 1 879 0 0.0
PLATZ 1 1200 3800 1 1474 0 0.0
PLATZ 1 1200 4000 1 7727 0 0.0
PLATZ 1 1200 4200 1 11522 0 0.0
PLATZ 1 1200 4400 1 14808 0 0.0
PLATZ 1 1200 4600 1 16332 0 0.0
PLATZ 1 1200 4800 1 15497 0 0.0
PLATZ 1 1200 5000 1 13178 0 0.0
PLATZ 1 1200 5200 1 10917 0 0.0
PLATZ 1 1200 5400 1 9292 0 0.0
PLATZ 1 1200 5600 1 7920 0 0.0
PLATZ 1 1200 5800 1 6856 0 0.0
PLATZ 1 1200 6000 1 6030 0 0.0
PLATZ 1 1200 6200 1 5338 0 0.0
PLATZ 1 1200 6400 1 4756 0 0.0
PLATZ 1 1200 6600 1 4304 0 0.0
PLATZ 1 1200 6800 1 3919 0 0.0
PLATZ 1 1200 7000 1 3576 0 0.0
PLATZ 1 1200 7200 1 3264 0 0.0
PLATZ 1 1200 7400 1 3042 0 0.0
PLATZ 1 1200 7600 1 2826 0 0.0
PLATZ 1 1200 7800 1 2633 0 0.0
PLATZ 1 1200 8000 1 2454 0 0.0
PLATZ 1 1200 8200 1 2299 0 0.0
PLATZ 1 1200 8400 1 2146 0 0.0
PLATZ 1 1200 8600 1 2017 0 0.0
PLATZ 1 1200 8800 1 1926 0 0.0
PLATZ 1 1200 9000 1 1809 0 0.0
PLATZ 1 1200 9200 1 1707 0 0.0
PLATZ 1 1200 9400 1 1601 0 0.0
PLATZ 1 1200 9600 1 1523 0 0.0
PLATZ 1 1200 9800 1 1475 0 0.0
PLATZ 1 1200 10000 1 1394 0 0.0
PLATZ 1 1200 10200 1 1331 0 0.0
PLATZ 1 1200 10400 1 1294 0 0.0
PLATZ 1 1200 10600 1 1243 0 0.0
PLATZ 1 1200 10800 1 1165 0 0.0
PLATZ 1 1200 11000 1 1097 0 0.0
PLATZ 1 1200 11200 1 1065 0 0.0
PLATZ 1 1200 11400 1 1027 0 0.0
PLATZ 1 1200 11600 1 959 0 0.0
PLATZ 1 1200 11800 1 932 0 0.0
PLATZ 1 1200 12000 1 879 0 0.0
PLATZ 1 1400 4000 1 2085 0 0.0
PLATZ 1 1400 4200 1 7548 0 0.0
PLATZ 1 1400 4400 1 10652 0 0.0
PLATZ 1 1400 4600 1 13011 0 0.0
PLATZ 1 1400 4800 1 13594 0 0.0
PLATZ 1 1400 5000 1 13055 0 0.0
PLATZ 1 1400 5200 1 11217 0 0.0
PLATZ 1 1400 5400 1 9507 0 0.0
PLATZ 1 1400 5600 1 8165 0 0.0
PLATZ 1 1400 5800 1 7078 0 0.0
PLATZ 1 1400 6000 1 6160 0 0.0
PLATZ 1 1400 6200 1 5471 2 0.0
PLATZ 1 1400 6400 1 4888 0 0.0
PLATZ 1 1400 6600 1 4403 0 0.0
PLATZ 1 1400 6800 1 4020 0 0.0
PLATZ 1 1400 7000 1 3666 0 0.0
PLATZ 1 1400 7200 1 3352 3 0.1
PLATZ 1 1400 7400 1 3088 1 0.0
PLATZ 1 1400 7600 1 2864 0 0.0
PLATZ 1 1400 7800 1 2671 0 0.0
PLATZ 1 1400 8000 1 2495 0 0.0
PLATZ 1 1400 8200 1 2343 0 0.0
PLATZ 1 1400 8400 1 2156 0 0.0
PLATZ 1 1400 8600 1 2053 0 0.0
PLATZ 1 1400 8800 1 1930 0 0.0
PLATZ 1 1400 9000 1 1833 0 0.0
PLATZ 1 1400 9200 1 1710 0 0.0
PLATZ 1 1400 9400 1 1633 0 0.0
PLATZ 1 1400 9600 1 1558 0 0.0
PLATZ 1 1400 9800 1 1479 0 0.0
PLATZ 1 1400 10000 1 1393 0 0.0
PLATZ 1 1400 10200 1 1343 0 0.0
PLATZ 1 1400 10400 1 1303 0 0.0
PLATZ 1 1400 10600 1 1226 0 0.0
PLATZ 1 1400 10800 1 1174 0 0.0
PLATZ 1 1400 11000 1 1102 0 0.0
PLATZ 1 1400 11200 1 1051 0 0.0
PLATZ 1 1400 11400 1 995 0 0.0
PLATZ 1 1400 11600 1 972 0 0.0
PLATZ 1 1400 11800 1 927 0 0.0
PLATZ 1 1400 12000 1 882 0 0.0
PLATZ 1 1600 4000 1 31 0 0.0
PLATZ 1 1600 4200 1 2685 0 0.0
PLATZ 1 1600 4400 1 6849 0 0.0
PLATZ 1 1600 4600 1 9308 0 0.0
PLATZ 1 1600 4800 1 10950 0 0.0
PLATZ 1 1600 5000 1 11591 0 0.0
PLATZ 1 1600 5200 1 11202 0 0.0
PLATZ 1 1600 5400 1 9736 0 0.0
PLATZ 1 1600 5600 1 8364 0 0.0
PLATZ 1 1600 5800 1 7240 0 0.0
PLATZ 1 1600 6000 1 6367 0 0.0
PLATZ 1 1600 6200 1 5632 1 0.0
PLATZ 1 1600 6400 1 5032 0 0.0
PLATZ 1 1600 6600 1 4508 3 0.1
PLATZ 1 1600 6800 1 4089 0 0.0
PLATZ 1 1600 7000 1 3747 0 0.0
PLATZ 1 1600 7200 1 3429 1 0.0
PLATZ 1 1600 7400 1 3137 7 0.2
PLATZ 1 1600 7600 1 2920 0 0.0
PLATZ 1 1600 7800 1 2688 3 0.1
PLATZ 1 1600 8000 1 2520 0 0.0
PLATZ 1 1600 8200 1 2357 0 0.0
PLATZ 1 1600 8400 1 2182 0 0.0
PLATZ 1 1600 8600 1 2070 0 0.0
PLATZ 1 1600 8800 1 1955 0 0.0
PLATZ 1 1600 9000 1 1830 0 0.0
PLATZ 1 1600 9200 1 1734 0 0.0
PLATZ 1 1600 9400 1 1658 0 0.0
PLATZ 1 1600 9600 1 1564 0 0.0
PLATZ 1 1600 9800 1 1479 0 0.0
PLATZ 1 1600 10000 1 1417 0 0.0
PLATZ 1 1600 10200 1 1362 0 0.0
PLATZ 1 1600 10400 1 1300 0 0.0
PLATZ 1 1600 10600 1 1227 0 0.0
PLATZ 1 1600 10800 1 1173 0 0.0
PLATZ 1 1600 11000 1 1106 0 0.0
PLATZ 1 1600 11200 1 1055 0 0.0
PLATZ 1 1600 11400 1 1009 0 0.0
PLATZ 1 1600 11600 1 968 0 0.0
PLATZ 1 1600 11800 1 926 0 0.0
PLATZ 1 1600 12000 1 888 0 0.0
PLATZ 1 1800 4200 1 144 0 0.0
PLATZ 1 1800 4400 1 2623 0 0.0
PLATZ 1 1800 4600 1 5911 0 0.0
PLATZ 1 1800 4800 1 7886 0 0.0
PLATZ 1 1800 5000 1 9424 0 0.0
PLATZ 1 1800 5200 1 10016 0 0.0
PLATZ 1 1800 5400 1 9743 0 0.0
PLATZ 1 1800 5600 1 8544 0 0.0
PLATZ 1 1800 5800 1 7438 0 0.0
PLATZ 1 1800 6000 1 6500 0 0.0
PLATZ 1 1800 6200 1 5743 0 0.0
PLATZ 1 1800 6400 1 5141 0 0.0
PLATZ 1 1800 6600 1 4621 2 0.0
PLATZ 1 1800 6800 1 4185 0 0.0
PLATZ 1 1800 7000 1 3839 0 0.0
PLATZ 1 1800 7200 1 3470 9 0.3
PLATZ 1 1800 7400 1 3217 6 0.2
PLATZ 1 1800 7600 1 2962 2 0.1
PLATZ 1 1800 7800 1 2739 11 0.4
PLATZ 1 1800 8000 1 2551 1 0.0
PLATZ 1 1800 8200 1 2376 0 0.0
PLATZ 1 1800 8400 1 2243 0 0.0
PLATZ 1 1800 8600 1 2102 0 0.0
PLATZ 1 1800 8800 1 1978 0 0.0
PLATZ 1 1800 9000 1 1854 0 0.0
PLATZ 1 1800 9200 1 1743 0 0.0
PLATZ 1 1800 9400 1 1647 0 0.0
PLATZ 1 1800 9600 1 1571 0 0.0
PLATZ 1 1800 9800 1 1483 0 0.0
PLATZ 1 1800 10000 1 1445 0 0.0
PLATZ 1 1800 10200 1 1350 0 0.0
PLATZ 1 1800 10400 1 1295 0 0.0
PLATZ 1 1800 10600 1 1252 0 0.0
PLATZ 1 1800 10800 1 1172 0 0.0
PLATZ 1 1800 11000 1 1120 0 0.0
PLATZ 1 1800 11200 1 1062 0 0.0
PLATZ 1 1800 11400 1 1009 0 0.0
PLATZ 1 1800 11600 1 965 0 0.0
PLATZ 1 1800 11800 1 922 0 0.0
PLATZ 1 1800 12000 1 897 0 0.0
PLATZ 1 2000 8800 1 1981 0 0.0
PLATZ 1 2000 9000 1 1859 0 0.0
PLATZ 1 2000 9200 1 1754 0 0.0
PLATZ 1 2000 9400 1 1673 0 0.0
PLATZ 1 2000 9600 1 1585 0 0.0
PLATZ 1 2000 9800 1 1520 0 0.0
PLATZ 1 2000 10000 1 1437 0 0.0
PLATZ 1 2000 10200 1 1369 0 0.0
PLATZ 1 2000 10400 1 1321 0 0.0
PLATZ 1 2000 10600 1 1230 0 0.0
PLATZ 1 2000 10800 1 1189 0 0.0
PLATZ 1 2000 11000 1 1110 0 0.0
PLATZ 1 2000 11200 1 1075 0 0.0
PLATZ 1 2000 11400 1 1014 0 0.0
PLATZ 1 2000 11600 1 965 0 0.0
PLATZ 1 2000 11800 1 920 0 0.0
PLATZ 1 2000 12000 1 879 0 0.0
PLATZ 1 2200 8800 1 2008 0 0.0
PLATZ 1 2200 9000 1 1890 0 0.0
PLATZ 1 2200 9200 1 1787 0 0.0
PLATZ 1 2200 9400 1 1699 0 0.0
PLATZ 1 2200 9600 1 1610 0 0.0
PLATZ 1 2200 9800 1 1527 0 0.0
PLATZ 1 2200 10000 1 1430 0 0.0
PLATZ 1 2200 10200 1 1377 0 0.0
PLATZ 1 2200 10400 1 1314 0 0.0
PLATZ 1 2200 10600 1 1237 0 0.0
PLATZ 1 2200 10800 1 1179 0 0.0
PLATZ 1 2200 11000 1 1122 0 0.0
PLATZ 1 2200 11200 1 1059 0 0.0
PLATZ 1 2200 11400 1 1011 0 0.0
PLATZ 1 2200 11600 1 968 0 0.0
PLATZ 1 2200 11800 1 925 0 0.0
PLATZ 1 2200 12000 1 901 0 0.0
PLATZ 1 2400 8800 1 2045 0 0.0
PLATZ 1 2400 9000 1 1922 0 0.0
PLATZ 1 2400 9200 1 1802 0 0.0
PLATZ 1 2400 9400 1 1717 0 0.0
PLATZ 1 2400 9600 1 1631 0 0.0
PLATZ 1 2400 9800 1 1537 0 0.0
PLATZ 1 2400 10000 1 1472 0 0.0
PLATZ 1 2400 10200 1 1396 0 0.0
PLATZ 1 2400 10400 1 1329 0 0.0
PLATZ 1 2400 10600 1 1266 0 0.0
PLATZ 1 2400 10800 1 1183 0 0.0
PLATZ 1 2400 11000 1 1128 0 0.0
PLATZ 1 2400 11200 1 1070 0 0.0
PLATZ 1 2400 11400 1 1011 0 0.0
PLATZ 1 2400 11600 1 963 0 0.0
PLATZ 1 2400 11800 1 924 0 0.0
PLATZ 1 2400 12000 1 878 0 0.0
PLATZ 1 2600 8800 1 2083 0 0.0
PLATZ 1 2600 9000 1 1926 0 0.0
PLATZ 1 2600 9200 1 1836 0 0.0
PLATZ 1 2600 9400 1 1739 0 0.0
PLATZ 1 2600 9600 1 1626 0 0.0
PLATZ 1 2600 9800 1 1572 0 0.0
PLATZ 1 2600 10000 1 1491 0 0.0
PLATZ 1 2600 10200 1 1411 0 0.0
PLATZ 1 2600 10400 1 1348 0 0.0
PLATZ 1 2600 10600 1 1266 0 0.0
PLATZ 1 2600 10800 1 1181 0 0.0
PLATZ 1 2600 11000 1 1129 0 0.0
PLATZ 1 2600 11200 1 1078 0 0.0
PLATZ 1 2600 11400 1 1021 0 0.0
PLATZ 1 2600 11600 1 982 0 0.0
PLATZ 1 2600 11800 1 929 0 0.0
PLATZ 1 2600 12000 1 899 0 0.0
PLATZ 1 2800 8800 1 2099 0 0.0
PLATZ 1 2800 9000 1 1982 0 0.0
PLATZ 1 2800 9200 1 1854 0 0.0
PLATZ 1 2800 9400 1 1730 0 0.0
PLATZ 1 2800 9600 1 1665 0 0.0
PLATZ 1 2800 9800 1 1574 0 0.0
PLATZ 1 2800 10000 1 1493 0 0.0
PLATZ 1 2800 10200 1 1414 0 0.0
PLATZ 1 2800 10400 1 1347 0 0.0
PLATZ 1 2800 10600 1 1265 0 0.0
PLATZ 1 2800 10800 1 1201 0 0.0
PLATZ 1 2800 11000 1 1144 0 0.0
PLATZ 1 2800 11200 1 1091 0 0.0
PLATZ 1 2800 11400 1 1043 0 0.0
PLATZ 1 2800 11600 1 972 0 0.0
PLATZ 1 2800 11800 1 937 0 0.0
PLATZ 1 2800 12000 1 894 0 0.0
PLATZ 1 3000 8800 1 2128 0 0.0
PLATZ 1 3000 9000 1 2000 0 0.0
PLATZ 1 3000 9200 1 1869 0 0.0
PLATZ 1 3000 9400 1 1777 0 0.0
PLATZ 1 3000 9600 1 1686 0 0.0
PLATZ 1 3000 9800 1 1570 0 0.0
PLATZ 1 3000 10000 1 1518 0 0.0
PLATZ 1 3000 10200 1 1434 0 0.0
PLATZ 1 3000 10400 1 1345 0 0.0
PLATZ 1 3000 10600 1 1280 0 0.0
PLATZ 1 3000 10800 1 1217 0 0.0
PLATZ 1 3000 11000 1 1146 0 0.0
PLATZ 1 3000 11200 1 1085 0 0.0
PLATZ 1 3000 11400 1 1036 0 0.0
PLATZ 1 3000 11600 1 993 0 0.0
PLATZ 1 3000 11800 1 939 0 0.0
PLATZ 1 3000 12000 1 889 0 0.0
PLATZ 1 3200 8800 1 2164 0 0.0
PLATZ 1 3200 9000 1 2028 0 0.0
PLATZ 1 3200 9200 1 1913 0 0.0
PLATZ 1 3200 9400 1 1800 0 0.0
PLATZ 1 3200 9600 1 1678 0 0.0
PLATZ 1 3200 9800 1 1598 0 0.0
PLATZ 1 3200 10000 1 1522 0 0.0
PLATZ 1 3200 10200 1 1451 0 0.0
PLATZ 1 3200 10400 1 1377 0 0.0
PLATZ 1 3200 10600 1 1298 0 0.0
PLATZ 1 3200 10800 1 1222 0 0.0
PLATZ 1 3200 11000 1 1160 0 0.0
PLATZ 1 3200 11200 1 1087 0 0.0
PLATZ 1 3200 11400 1 1035 0 0.0
PLATZ 1 3200 11600 1 992 0 0.0
PLATZ 1 3200 11800 1 942 0 0.0
PLATZ 1 3200 12000 1 903 0 0.0
PLATZ 1 3400 8800 1 2191 0 0.0
PLATZ 1 3400 9000 1 2028 0 0.0
PLATZ 1 3400 9200 1 1917 0 0.0
PLATZ 1 3400 9400 1 1797 0 0.0
PLATZ 1 3400 9600 1 1712 0 0.0
PLATZ 1 3400 9800 1 1634 0 0.0
PLATZ 1 3400 10000 1 1543 0 0.0
PLATZ 1 3400 10200 1 1457 0 0.0
PLATZ 1 3400 10400 1 1369 0 0.0
PLATZ 1 3400 10600 1 1310 0 0.0
PLATZ 1 3400 10800 1 1232 0 0.0
PLATZ 1 3400 11000 1 1161 0 0.0
PLATZ 1 3400 11200 1 1093 0 0.0
PLATZ 1 3400 11400 1 1047 0 0.0
PLATZ 1 3400 11600 1 1003 0 0.0
PLATZ 1 3400 11800 1 951 0 0.0
PLATZ 1 3400 12000 1 907 0 0.0
PLATZ 1 3600 8800 1 2210 0 0.0
PLATZ 1 3600 9000 1 2063 0 0.0
PLATZ 1 3600 9200 1 1950 0 0.0
PLATZ 1 3600 9400 1 1841 0 0.0
PLATZ 1 3600 9600 1 1735 0 0.0
PLATZ 1 3600 9800 1 1640 0 0.0
PLATZ 1 3600 10000 1 1556 0 0.0
PLATZ 1 3600 10200 1 1470 0 0.0
PLATZ 1 3600 10400 1 1389 0 0.0
PLATZ 1 3600 10600 1 1307 0 0.0
PLATZ 1 3600 10800 1 1233 0 0.0
PLATZ 1 3600 11000 1 1177 0 0.0
PLATZ 1 3600 11200 1 1120 0 0.0
PLATZ 1 3600 11400 1 1052 0 0.0
PLATZ 1 3600 11600 1 997 0 0.0
PLATZ 1 3600 11800 1 950 0 0.0
PLATZ 1 3600 12000 1 906 0 0.0
PLATZ 1 3800 8800 0 2257 0 0.0
PLATZ 1 3800 9000 0 2093 0 0.0
PLATZ 1 3800 9200 0 1986 0 0.0
PLATZ 1 3800 9400 0 1842 0 0.0
PLATZ 1 3800 9600 0 1767 0 0.0
PLATZ 1 3800 9800 0 1676 0 0.0
PLATZ 1 3800 10000 0 1566 0 0.0
PLATZ 1 3800 10200 0 1478 0 0.0
PLATZ 1 3800 10400 0 1392 0 0.0
PLATZ 1 3800 10600 0 1318 0 0.0
PLATZ 1 3800 10800 0 1246 0 0.0
PLATZ 1 3800 11000 0 1190 0 0.0
PLATZ 1 3800 11200 0 1116 0 0.0
PLATZ 1 3800 11400 0 1075 0 0.0
PLATZ 1 3800 11600 0 1021 0 0.0
PLATZ 1 3800 11800 0 971 0 0.0
PLATZ 1 3800 12000 0 923 0 0.0
PLATZ 1 4000 8800 0 2276 0 0.0
PLATZ 1 4000 9000 0 2142 0 0.0
PLATZ 1 4000 9200 0 1993 0 0.0
PLATZ 1 4000 9400 0 1877 0 0.0
PLATZ 1 4000 9600 0 1755 0 0.0
PLATZ 1 4000 9800 0 1683 0 0.0
PLATZ 1 4000 10000 0 1597 0 0.0
PLATZ 1 4000 10200 0 1486 0 0.0
PLATZ 1 4000 10400 0 1403 0 0.0
PLATZ 1 4000 10600 0 1332 0 0.0
PLATZ 1 4000 10800 0 1258 0 0.0
PLATZ 1 4000 11000 0 1193 0 0.0
PLATZ 1 4000 11200 0 1130 0 0.0
PLATZ 1 4000 11400 0 1080 0 0.0
PLATZ 1 4000 11600 0 1020 0 0.0
PLATZ 1 4000 11800 0 970 0 0.0
PLATZ 1 4000 12000 0 917 0 0.0
PLATZ 1 4200 8800 0 2306 0 0.0
PLATZ 1 4200 9000 0 2151 0 0.0
PLATZ 1 4200 9200 0 2033 0 0.0
PLATZ 1 4200 9400 0 1907 0 0.0
PLATZ 1 4200 9600 0 1802 0 0.0
PLATZ 1 4200 9800 0 1677 0 0.0
PLATZ 1 4200 10000 0 1603 0 0.0
PLATZ 1 4200 10200 0 1515 0 0.0
PLATZ 1 4200 10400 0 1405 0 0.0
PLATZ 1 4200 10600 0 1347 0 0.0
PLATZ 1 4200 10800 0 1267 0 0.0
PLATZ 1 4200 11000 0 1197 0 0.0
PLATZ 1 4200 11200 0 1140 0 0.0
PLATZ 1 4200 11400 0 1083 0 0.0
PLATZ 1 4200 11600 0 1029 0 0.0
PLATZ 1 4200 11800 0 977 0 0.0
PLATZ 1 4200 12000 0 931 0 0.0
PLATZ 1 4400 8800 0 2334 0 0.0
PLATZ 1 4400 9000 0 2180 0 0.0
PLATZ 1 4400 9200 0 2028 0 0.0
PLATZ 1 4400 9400 0 1905 0 0.0
PLATZ 1 4400 9600 0 1820 0 0.0
PLATZ 1 4400 9800 0 1707 0 0.0
PLATZ 1 4400 10000 0 1611 0 0.0
PLATZ 1 4400 10200 0 1530 0 0.0
PLATZ 1 4400 10400 0 1423 0 0.0
PLATZ 1 4400 10600 0 1347 0 0.0
PLATZ 1 4400 10800 0 1276 0 0.0
PLATZ 1 4400 11000 0 1213 0 0.0
PLATZ 1 4400 11200 0 1136 0 0.0
PLATZ 1 4400 11400 0 1094 0 0.0
PLATZ 1 4400 11600 0 1042 0 0.0
PLATZ 1 4400 11800 0 994 0 0.0
PLATZ 1 4400 12000 0 938 0 0.0
PLATZ 1 4600 6800 0 74 0 0.0
PLATZ 1 4600 7000 0 794 0 0.0
PLATZ 1 4600 7200 0 1492 0 0.0
PLATZ 1 4600 7400 0 2182 0 0.0
PLATZ 1 4600 7600 0 2677 0 0.0
PLATZ 1 4600 7800 0 3019 0 0.0
PLATZ 1 4600 8000 0 3166 0 0.0
PLATZ 1 4600 8200 0 2951 0 0.0
PLATZ 1 4600 8400 0 2714 0 0.0
PLATZ 1 4600 8600 0 2532 0 0.0
PLATZ 1 4600 8800 0 2348 0 0.0
PLATZ 1 4600 9000 0 2195 0 0.0
PLATZ 1 4600 9200 0 2086 0 0.0
PLATZ 1 4600 9400 0 1967 0 0.0
PLATZ 1 4600 9600 0 1810 0 0.0
PLATZ 1 4600 9800 0 1730 0 0.0
PLATZ 1 4600 10000 0 1629 0 0.0
PLATZ 1 4600 10200 0 1538 0 0.0
PLATZ 1 4600 10400 0 1438 0 0.0
PLATZ 1 4600 10600 0 1349 0 0.0
PLATZ 1 4600 10800 0 1302 0 0.0
PLATZ 1 4600 11000 0 1214 0 0.0
PLATZ 1 4600 11200 0 1171 0 0.0
PLATZ 1 4600 11400 0 1096 0 0.0
PLATZ 1 4600 11600 0 1031 0 0.0
PLATZ 1 4600 11800 0 995 0 0.0
PLATZ 1 4600 12000 0 945 0 0.0
PLATZ 1 4800 6800 0 1 0 0.0
PLATZ 1 4800 7000 0 116 0 0.0
PLATZ 1 4800 7200 0 812 0 0.0
PLATZ 1 4800 7400 0 1488 0 0.0
PLATZ 1 4800 7600 0 2084 0 0.0
PLATZ 1 4800 7800 0 2559 0 0.0
PLATZ 1 4800 8000 0 2867 0 0.0
PLATZ 1 4800 8200 0 2988 0 0.0
PLATZ 1 4800 8400 0 2736 0 0.0
PLATZ 1 4800 8600 0 2544 0 0.0
PLATZ 1 4800 8800 0 2395 0 0.0
PLATZ 1 4800 9000 0 2223 0 0.0
PLATZ 1 4800 9200 0 2108 0 0.0
PLATZ 1 4800 9400 0 1968 0 0.0
PLATZ 1 4800 9600 0 1847 0 0.0
PLATZ 1 4800 9800 0 1742 0 0.0
PLATZ 1 4800 10000 0 1628 0 0.0
PLATZ 1 4800 10200 0 1558 0 0.0
PLATZ 1 4800 10400 0 1455 0 0.0
PLATZ 1 4800 10600 0 1384 0 0.0
PLATZ 1 4800 10800 0 1292 0 0.0
PLATZ 1 4800 11000 0 1218 0 0.0
PLATZ 1 4800 11200 0 1162 0 0.0
PLATZ 1 4800 11400 0 1102 0 0.0
PLATZ 1 4800 11600 0 1047 0 0.0
PLATZ 1 4800 11800 0 992 0 0.0
PLATZ 1 4800 12000 0 954 0 0.0
PLATZ 1 5000 7000 0 3 0 0.0
PLATZ 1 5000 7200 0 157 0 0.0
PLATZ 1 5000 7400 0 804 0 0.0
PLATZ 1 5000 7600 0 1424 0 0.0
PLATZ 1 5000 7800 0 1984 0 0.0
PLATZ 1 5000 8000 0 2429 0 0.0
PLATZ 1 5000 8200 0 2721 0 0.0
PLATZ 1 5000 8400 0 2768 0 0.0
PLATZ 1 5000 8600 0 2591 0 0.0
PLATZ 1 5000 8800 0 2417 0 0.0
PLATZ 1 5000 9000 0 2269 0 0.0
PLATZ 1 5000 9200 0 2103 0 0.0
PLATZ 1 5000 9400 0 1977 0 0.0
PLATZ 1 5000 9600 0 1869 0 0.0
PLATZ 1 5000 9800 0 1747 0 0.0
PLATZ 1 5000 10000 0 1666 0 0.0
PLATZ 1 5000 10200 0 1553 0 0.0
PLATZ 1 5000 10400 0 1463 0 0.0
PLATZ 1 5000 10600 0 1377 0 0.0
PLATZ 1 5000 10800 0 1302 0 0.0
PLATZ 1 5000 11000 0 1224 0 0.0
PLATZ 1 5000 11200 0 1169 0 0.0
PLATZ 1 5000 11400 0 1127 0 0.0
PLATZ 1 5000 11600 0 1056 0 0.0
PLATZ 1 5000 11800 0 999 0 0.0
PLATZ 1 5000 12000 0 951 0 0.0
PLATZ 1 5200 7200 0 3 0 0.0
PLATZ 1 5200 7400 0 203 0 0.0
PLATZ 1 5200 7600 0 812 0 0.0
PLATZ 1 5200 7800 0 1377 0 0.0
PLATZ 1 5200 8000 0 1897 0 0.0
PLATZ 1 5200 8200 0 2304 0 0.0
PLATZ 1 5200 8400 0 2576 0 0.0
PLATZ 1 5200 8600 0 2629 0 0.0
PLATZ 1 5200 8800 0 2412 0 0.0
PLATZ 1 5200 9000 0 2283 0 0.0
PLATZ 1 5200 9200 0 2135 0 0.0
PLATZ 1 5200 9400 0 2000 0 0.0
PLATZ 1 5200 9600 0 1880 0 0.0
PLATZ 1 5200 9800 0 1773 0 0.0
PLATZ 1 5200 10000 0 1665 0 0.0
PLATZ 1 5200 10200 0 1554 0 0.0
PLATZ 1 5200 10400 0 1481 0 0.0
PLATZ 1 5200 10600 0 1384 0 0.0
PLATZ 1 5200 10800 0 1312 0 0.0
PLATZ 1 5200 11000 0 1228 0 0.0
PLATZ 1 5200 11200 0 1191 0 0.0
PLATZ 1 5200 11400 0 1111 0 0.0
PLATZ 1 5200 11600 0 1058 0 0.0
PLATZ 1 5200 11800 0 1016 0 0.0
PLATZ 1 5200 12000 0 965 0 0.0
PLATZ 1 5400 7400 0 6 0 0.0
PLATZ 1 5400 7600 0 241 0 0.0
PLATZ 1 5400 7800 0 819 0 0.0
PLATZ 1 5400 8000 0 1339 0 0.0
PLATZ 1 5400 8200 0 1811 0 0.0
PLATZ 1 5400 8400 0 2203 0 0.0
PLATZ 1 5400 8600 0 2442 0 0.0
PLATZ 1 5400 8800 0 2468 0 0.0
PLATZ 1 5400 9000 0 2300 0 0.0
PLATZ 1 5400 9200 0 2160 0 0.0
PLATZ 1 5400 9400 0 2024 0 0.0
PLATZ 1 5400 9600 0 1908 0 0.0
PLATZ 1 5400 9800 0 1800 0 0.0
PLATZ 1 5400 10000 0 1680 0 0.0
PLATZ 1 5400 10200 0 1596 0 0.0
PLATZ 1 5400 10400 0 1493 0 0.0
PLATZ 1 5400 10600 0 1401 0 0.0
PLATZ 1 5400 10800 0 1317 0 0.0
PLATZ 1 5400 11000 0 1255 0 0.0
PLATZ 1 5400 11200 0 1181 0 0.0
PLATZ 1 5400 11400 0 1107 0 0.0
PLATZ 1 5400 11600 0 1065 0 0.0
PLATZ 1 5400 11800 0 1015 0 0.0
PLATZ 1 5400 12000 0 972 0 0.0
PLATZ 1 5600 7600 0 10 0 0.0
PLATZ 1 5600 7800 0 288 0 0.0
PLATZ 1 5600 8000 0 796 0 0.0
PLATZ 1 5600 8200 0 1298 0 0.0
PLATZ 1 5600 8400 0 1722 0 0.0
PLATZ 1 5600 8600 0 2127 0 0.0
PLATZ 1 5600 8800 0 2322 0 0.0
PLATZ 1 5600 9000 0 2320 0 0.0
PLATZ 1 5600 9200 0 2184 0 0.0
PLATZ 1 5600 9400 0 2058 0 0.0
PLATZ 1 5600 9600 0 1904 0 0.0
PLATZ 1 5600 9800 0 1798 0 0.0
PLATZ 1 5600 10000 0 1687 0 0.0
PLATZ 1 5600 10200 0 1584 0 0.0
PLATZ 1 5600 10400 0 1496 0 0.0
PLATZ 1 5600 10600 0 1412 0 0.0
PLATZ 1 5600 10800 0 1343 0 0.0
PLATZ 1 5600 11000 0 1272 0 0.0
PLATZ 1 5600 11200 0 1197 0 0.0
PLATZ 1 5600 11400 0 1127 0 0.0
PLATZ 1 5600 11600 0 1077 0 0.0
PLATZ 1 5600 11800 0 1029 0 0.0
PLATZ 1 5600 12000 0 974 0 0.0
PLATZ 1 5800 7800 0 12 0 0.0
PLATZ 1 5800 8000 0 307 0 0.0
PLATZ 1 5800 8200 0 801 0 0.0
PLATZ 1 5800 8400 0 1254 0 0.0
PLATZ 1 5800 8600 0 1676 0 0.0
PLATZ 1 5800 8800 0 2026 0 0.0
PLATZ 1 5800 9000 0 2242 0 0.0
PLATZ 1 5800 9200 0 2169 0 0.0
PLATZ 1 5800 9400 0 2052 0 0.0
PLATZ 1 5800 9600 0 1941 0 0.0
PLATZ 1 5800 9800 0 1801 0 0.0
PLATZ 1 5800 10000 0 1709 0 0.0
PLATZ 1 5800 10200 0 1612 0 0.0
PLATZ 1 5800 10400 0 1522 0 0.0
PLATZ 1 5800 10600 0 1425 0 0.0
PLATZ 1 5800 10800 0 1324 0 0.0
PLATZ 1 5800 11000 0 1259 0 0.0
PLATZ 1 5800 11200 0 1202 0 0.0
PLATZ 1 5800 11400 0 1137 0 0.0
PLATZ 1 5800 11600 0 1093 0 0.0
PLATZ 1 5800 11800 0 1033 0 0.0
PLATZ 1 5800 12000 0 978 0 0.0
PLATZ 1 6000 8000 0 17 0 0.0
PLATZ 1 6000 8200 0 338 0 0.0
PLATZ 1 6000 8400 0 799 0 0.0
PLATZ 1 6000 8600 0 1218 0 0.0
PLATZ 1 6000 8800 0 1609 0 0.0
PLATZ 1 6000 9000 0 1939 0 0.0
PLATZ 1 6000 9200 0 2140 0 0.0
PLATZ 1 6000 9400 0 2081 0 0.0
PLATZ 1 6000 9600 0 1948 0 0.0
PLATZ 1 6000 9800 0 1833 0 0.0
PLATZ 1 6000 10000 0 1708 0 0.0
PLATZ 1 6000 10200 0 1635 0 0.0
PLATZ 1 6000 10400 0 1522 0 0.0
PLATZ 1 6000 10600 0 1427 0 0.0
PLATZ 1 6000 10800 0 1340 0 0.0
PLATZ 1 6000 11000 0 1282 0 0.0
PLATZ 1 6000 11200 0 1209 0 0.0
PLATZ 1 6000 11400 0 1153 0 0.0
PLATZ 1 6000 11600 0 1101 0 0.0
PLATZ 1 6000 11800 0 1040 0 0.0
PLATZ 1 6000 12000 0 985 0 0.0
PLATZ 1 6200 8200 0 22 0 0.0
PLATZ 1 6200 8400 0 350 0 0.0
PLATZ 1 6200 8600 0 795 0 0.0
PLATZ 1 6200 8800 0 1203 0 0.0
PLATZ 1 6200 9000 0 1547 0 0.0
PLATZ 1 6200 9200 0 1868 0 0.0
PLATZ 1 6200 9400 0 2041 0 0.0
PLATZ 1 6200 9600 0 1971 0 0.0
PLATZ 1 6200 9800 0 1847 0 0.0
PLATZ 1 6200 10000 0 1717 0 0.0
PLATZ 1 6200 10200 0 1616 0 0.0
PLATZ 1 6200 10400 0 1531 0 0.0
PLATZ 1 6200 10600 0 1446 0 0.0
PLATZ 1 6200 10800 0 1374 0 0.0
PLATZ 1 6200 11000 0 1289 0 0.0
PLATZ 1 6200 11200 0 1232 0 0.0
PLATZ 1 6200 11400 0 1165 0 0.0
PLATZ 1 6200 11600 0 1100 0 0.0
PLATZ 1 6200 11800 0 1042 0 0.0
PLATZ 1 6200 12000 0 998 0 0.0
PLATZ 1 6400 8400 0 29 0 0.0
PLATZ 1 6400 8600 0 391 0 0.0
PLATZ 1 6400 8800 0 766 0 0.0
PLATZ 1 6400 9000 0 1164 0 0.0
PLATZ 1 6400 9200 0 1522 0 0.0
PLATZ 1 6400 9400 0 1804 0 0.0
PLATZ 1 6400 9600 0 1954 0 0.0
PLATZ 1 6400 9800 0 1853 0 0.0
PLATZ 1 6400 10000 0 1746 0 0.0
PLATZ 1 6400 10200 0 1620 0 0.0
PLATZ 1 6400 10400 0 1551 0 0.0
PLATZ 1 6400 10600 0 1434 0 0.0
PLATZ 1 6400 10800 0 1375 0 0.0
PLATZ 1 6400 11000 0 1301 0 0.0
PLATZ 1 6400 11200 0 1225 0 0.0
PLATZ 1 6400 11400 0 1162 0 0.0
PLATZ 1 6400 11600 0 1116 0 0.0
PLATZ 1 6400 11800 0 1062 0 0.0
PLATZ 1 6400 12000 0 997 0 0.0
PLATZ 1 6600 8600 0 42 0 0.0
PLATZ 1 6600 8800 0 398 0 0.0
PLATZ 1 6600 9000 0 782 0 0.0
PLATZ 1 6600 9200 0 1128 0 0.0
PLATZ 1 6600 9400 0 1453 0 0.0
PLATZ 1 6600 9600 0 1720 0 0.0
PLATZ 1 6600 9800 0 1848 0 0.0
PLATZ 1 6600 10000 0 1772 0 0.0
PLATZ 1 6600 10200 0 1638 0 0.0
PLATZ 1 6600 10400 0 1551 0 0.0
PLATZ 1 6600 10600 0 1452 0 0.0
PLATZ 1 6600 10800 0 1391 0 0.0
PLATZ 1 6600 11000 0 1308 0 0.0
PLATZ 1 6600 11200 0 1229 0 0.0
PLATZ 1 6600 11400 0 1174 0 0.0
PLATZ 1 6600 11600 0 1112 0 0.0
PLATZ 1 6600 11800 0 1067 0 0.0
PLATZ 1 6600 12000 0 1006 0 0.0
PLATZ 1 6800 8600 0 1 0 0.0
PLATZ 1 6800 8800 0 62 0 0.0
PLATZ 1 6800 9000 0 418 0 0.0
PLATZ 1 6800 9200 0 756 0 0.0
PLATZ 1 6800 9400 0 1089 0 0.0
PLATZ 1 6800 9600 0 1392 0 0.0
PLATZ 1 6800 9800 0 1653 0 0.0
PLATZ 1 6800 10000 0 1748 0 0.0
PLATZ 1 6800 10200 0 1648 0 0.0
PLATZ 1 6800 10400 0 1555 0 0.0
PLATZ 1 6800 10600 0 1483 0 0.0
PLATZ 1 6800 10800 0 1399 0 0.0
PLATZ 1 6800 11000 0 1325 0 0.0
PLATZ 1 6800 11200 0 1240 0 0.0
PLATZ 1 6800 11400 0 1184 0 0.0
PLATZ 1 6800 11600 0 1120 0 0.0
PLATZ 1 6800 11800 0 1073 0 0.0
PLATZ 1 6800 12000 0 1005 0 0.0
SUMME cut=4 plaetze=2788 mitkontakt=567 ueberhalb=1 ueber90=0 figurpunkte=6538925 verdeckt=41930 anteil=0.64%
ZONE cut=4 plaetze=1287 mitkontakt=152 ueberhalb=1 figurpunkte=4874376 verdeckt=9916 anteil=0.20%
