13 0 8400 0 -350 13856
28 0 7638 0 -135 14624
43 0 6225 0 2413 15128
58 1 5190 0 5218 15128
73 2 5558 0 8163 15488
88 2 4807 0 10965 14840
103 4 2115 0 10724 13904
118 4 172 0 9214 13904
133 4 172 0 9214 14480
148 4 -370 0 11768 15560
163 4 85 0 14282 15128
178 4 -482 0 14282 14336
193 4 -426 0 14077 13760
208 4 -462 0 14086 13712
223 4 -448 0 14087 13424
238 4 -448 0 14087 13424
253 4 -448 0 14087 13808
268 4 -448 0 14087 12656
283 4 -448 0 14087 12752
298 4 -448 0 14087 13040
313 4 -448 0 14087 13040
328 4 -448 0 14087 13040
335 4 -448 0 14087 13040
343 4 -448 0 14087 13040
358 4 -139 0 13920 13280
373 4 329 0 13189 13280
388 4 93 0 11405 13208
403 4 1402 0 10983 12152
418 3 3590 0 12128 11720
433 2 4461 0 11453 12488
448 2 5190 0 11372 11576
463 2 6046 0 12056 10520
478 3 4031 0 10835 10160
493 3 2827 0 11321 10952
508 3 3608 0 12132 11624
523 3 3586 0 12132 10880
538 3 3540 0 12132 10640
553 3 3822 0 12128 11768
568 2 5290 0 11084 12560
583 2 6928 0 9376 12920
598 2 6509 0 9111 13640
613 1 5275 0 6839 13232
628 1 6454 0 5049 12800
643 1 6382 0 4832 12128
658 1 6932 0 6479 12272
673 1 6471 0 5078 13352
688 1 6774 0 3158 12800
703 0 6932 0 2615 12416
718 0 7444 0 1614 12728
733 0 7986 0 1716 11768
748 0 8402 0 2032 11288
763 0 8243 0 2032 11024
778 1 6489 0 3104 11168
793 1 6580 0 5940 11384
808 2 6174 0 8003 11384
823 2 5373 0 10717 10808
838 3 3468 0 12100 10808
853 3 2738 0 11283 10016
868 4 105 0 10911 10448
883 4 -482 0 11398 10448
898 4 -482 0 10542 9608
913 4 -328 0 9910 9368
928 4 723 0 8378 8720
943 4 1650 0 7433 8720
958 4 1804 0 7522 8720
973 4 1804 0 7524 8816
988 5 1035 0 5904 9176
1003 5 1260 0 5119 8936
1018 5 1832 0 4242 8072
1033 5 1832 0 4987 7520
1048 5 1832 0 4910 8576
1063 5 1037 0 2812 9632
1078 6 -1325 0 2456 10640
1093 6 -1486 0 2609 10784
1108 6 -1890 0 2682 10064
1123 6 -1417 0 1819 8744
1138 5 1061 0 353 8168
1153 5 1832 0 1072 7736
1168 5 1832 0 467 8768
1183 5 837 0 -1641 9344
1198 5 1832 0 -2932 8264
1213 5 1680 0 -2307 7232
1228 5 983 0 -615 7352
1243 5 1832 0 432 8432
1258 5 1435 0 -364 9248
1273 5 1707 0 -2584 8672
1288 5 1768 0 -2358 7592
1303 5 1243 0 -1911 7088
1318 5 943 0 -419 7088
1333 5 17 0 1109 6512
1348 6 -1231 0 1657 6560
1363 6 -1207 0 2682 7400
1378 6 -1207 0 2682 7400
1393 6 -1207 0 2682 7400
1408 6 -1207 0 2682 7400
1423 6 -1207 0 2682 7400
1438 6 -1207 0 2682 7400
1453 6 -1207 0 2682 6056
1468 6 -1207 0 2682 5000
1483 6 -1207 0 2682 5576
1498 6 -1207 0 2682 6824
1513 6 -1207 0 2682 7592
1528 6 -1207 0 2682 8360
1543 6 -1207 0 2682 9128
