    F  cur_x  cur_y   zg_y |   dG_o   dG_u   Z_o   Z_u |  cut sper maske wert  ruhe   lo   lu  zo  zu
  540   66.4  122.2  177.0 |   -0.9   -0.9   aus   aus |   10    0   000    0    30    0    0   0   0
  543   66.4  122.2  177.0 |   -0.9   -0.9   aus   aus |   10    0   000    0    30    0    0   0   0
  546   66.4  122.2  177.0 |   -0.9   -0.9   aus   aus |   10    0   000    0    30    0    0   0   0
  549   66.4  122.2  177.0 |   -0.9   -0.9   aus   aus |   10    0   000    0    30    0    0   0   0
  552   66.4  122.2  177.0 |   -0.9   -0.9   aus   aus |   10    0   000    0    30    0    0   0   0
  555   66.4  122.2  177.0 |   -0.9   -0.9   aus   aus |   10    0   000    0    30    0    0   0   0
  558   66.4  122.2  177.0 |   -0.9   -0.9   aus   aus |   10    0   000    0    30    0    0   0   0
  561   66.4  122.2  177.0 |   -0.9   -0.9   aus   aus |   10    0   004    0     2    0    0   0   0
  564   66.4  122.2  177.0 |   -0.9   -0.9   aus   aus |   10    0   004    0     5    0    0   0   0
  567   66.4  122.2  177.0 |   -0.9   -0.9   aus   aus |   10    0   004    0     8    0    0   0   0
  570   66.4  114.2  177.0 |   -0.9   -0.9   aus   aus |   10    0   004    0    11    0    0   0   0
  573   66.4  106.2  177.0 |   -0.9   -0.9   aus   aus |   10    0   004    0    14    0    0   0   0
  576   66.4   97.8  177.0 |   -0.9   -0.9   aus   aus |   10    0   004    0    17    0    0   0   0
  579   66.4   89.8  177.0 |   -0.9   -0.9   aus   aus |   10    0   004    0    20    0    0   0   0
  582   66.4   81.8  177.0 |   -0.9   -0.9   aus   aus |   10    0   004    0    23    0    0   0   0
  585   66.4   73.8  177.0 |   -0.9   -0.9   aus   aus |   10    0   004    0    26    0    0   0   0
  588   66.3   65.0  177.0 |   -0.9   -0.9   aus   aus |   10    0   004    0    29    0    0   0   0
  591   66.3   65.0  177.0 |   -0.9   -0.9   aus   aus |   10    0   004    0    30    0    0   0   0
  594   66.3   65.0  177.0 |   -0.9   -0.9   aus   aus |   10    0   004    0    30    0    0   0   0
  597   66.3   65.0  177.0 |   -0.9   -0.9   aus   aus |   10    0   004    0    30    0    0   0   0
  600   66.3   65.0  177.0 |   -0.9   -0.9   aus   aus |   10    0   004    0    30    0    0   0   0
  603   66.3   65.0  177.0 |   -0.9   -0.9   aus   aus |   10    0   004    0    30    0    0   0   0
  606   66.3   65.0  177.0 |   -0.9   -0.9   aus   aus |   10    0   004    0    30    0    0   0   0
  609   66.3   65.0  177.0 |   -0.9   -0.9   aus   aus |   10    0   004    0    30    0    0   0   0
  612   66.3   65.0  175.0 |   -0.9   -0.9   aus   aus |   10    0   005    2     0    0    0   0   0
  615   66.3   65.0  171.0 |   -0.9   -0.9   aus   aus |   10    0   005    5     0    0    0   0   0
  618   66.3   65.0  167.0 |   -0.9   -0.9   aus   aus |   10    0   005    8     0    0    0   0   0
  621   66.4   73.8  165.0 |   -0.9   -0.9   aus   aus |   10    0   005   10     1    0    0   0   0
  624   66.4   81.8  165.0 |   -0.9   -0.9   aus   aus |   10    0   005   10     4    0    0   0   0
  627   66.4   89.8  165.0 |   -0.9   -0.9   aus   aus |   10    0   005   10     7    0    0   0   0
  630   66.4   97.8  165.0 |   -0.9   -0.9   aus   aus |   10    0   005   10    10    0    0   0   0
  633   66.4  106.2  165.0 |   -0.9   -0.9   aus   aus |   10    0   005   10    13    0    0   0   0
  636   66.4  114.2  165.0 |   -0.9   -0.9   aus   aus |   10    0   005   10    16    0    0   0   0
  639   66.4  122.2  165.0 |   -0.9   -0.9   aus   aus |   10    0   005   10    19    0    0   0   0
  642   66.4  130.2  165.0 |   -0.9   -0.9   aus   aus |   10    0   005   10    22    0    0   0   0
  645   66.4  138.2  165.0 |   -0.9   -0.9   aus   aus |   10    0   005   10    25    0    0   0   0
  648   66.4  146.2  165.0 |   -0.9   -0.9   aus   aus |   10    0   005   10    28    0    0   0   0
  651   66.4  154.2  165.0 |   -0.9   -0.9   aus   aus |   10    0   005   10    30    0    0   0   0
  654   66.4  162.2  165.0 |   -0.9   -0.9   aus   aus |   10    0   005   10    30    0    0   0   0
  657   66.3  166.0  165.0 |   -0.9   -0.9   aus   aus |   10    0   005   10    30    0    0   0   0
  660   66.3  174.0  165.0 |   -0.9   -0.9   aus   aus |   10    0   005   10    30    0    0   0   0
  663   66.3  182.0  165.0 |   -0.9   -0.9   aus   aus |   10    0   005   10    30    0    0   0   0
  666   66.3  182.0  165.0 |   -0.9   -0.9   aus   aus |   10    0   005   10    30    0    0   0   0
  669   66.3  182.0  165.0 |   -0.9   -0.9   aus   aus |   10    0   005   10    30    0    0   0   0
  672   66.3  182.0  165.0 |   -0.9   -0.9   aus   aus |   10    0   005   10    30    0    0   0   0
  675   66.3  182.0  165.0 |   -0.9   -0.9   aus   aus |   10    0   005   10    30    0    0   0   0
  678   66.3  182.0  165.0 |   -0.9   -0.9   aus   aus |   10    0   005   10    30    0    0   0   0
  681   66.3  182.0  165.0 |   -0.9   -0.9   aus   aus |   10    0   005   10    30    0    0   0   0
  684   66.3  182.0  165.0 |   -0.9   -0.9   aus   aus |   10    0   005   10    30    0    0   0   0
  687   66.3  182.0  163.0 |  195.6   -0.9 3:0.4   aus |   10    0   015   11     0    1    0   3   0
  690   66.3  182.0  160.0 |  174.9   -0.9 4:0.4   aus |   10    0   015   14     0    1    0   4   0
  693   66.3  182.0  156.0 |  195.6   -0.9 3:0.4   aus |   10    0   015   17     0    1    0   3   0
  696   66.3  182.0  152.0 |  174.9   -0.9 4:0.4   aus |   10    0   015   20     0    1    0   4   0
  699   66.3  182.0  149.0 |  195.6   -0.9 3:0.4   aus |   10    0   015   23     0    1    0   3   0
  702   66.3  182.0  145.0 |  174.9   -0.9 4:0.4   aus |   10    0   015   26     0    1    0   4   0
  705   66.3  182.0  141.0 |  195.6   -0.9 3:0.4   aus |   10    0   015   29     0    1    0   3   0
  708   66.4  182.8  140.0 |  174.9   -0.9 4:0.4   aus |   10    0   015   30     2    1    0   4   0
  711   66.4  174.8  140.0 |  195.6   -0.9 3:0.4   aus |   10    0   015   30     5    1    0   3   0
  714   66.4  166.8  140.0 |  174.9   -0.9 4:0.4   aus |   10    0   015   30     8    1    0   4   0
  717   66.4  158.8  140.0 |  195.6   -0.9 3:0.4   aus |   10    0   015   30    11    1    0   3   0
  720   66.4  150.8  140.0 |  174.9   -0.9 4:0.4   aus |   10    0   015   30    14    1    0   4   0
  723   66.4  142.8  140.0 |  195.6   -0.9 3:0.4   aus |   10    0   015   30    17    1    0   3   0
  726   66.4  134.8  140.0 |  174.9   -0.9 4:0.4   aus |   10    0   015   30    20    1    0   4   0
  729   66.4  126.8  140.0 |  195.6   -0.9 3:0.4   aus |   10    0   015   30    23    1    0   3   0
  732   66.4  118.8  140.0 |  174.9   -0.9 4:0.4   aus |   10    0   015   30    26    1    0   4   0
  735   66.4  110.8  140.0 |  195.6   -0.9 3:0.4   aus |   10    0   015   30    29    1    0   3   0
  738   66.4  103.5  140.0 |  174.9   -0.9 4:0.4   aus |   10    0   015   30    30    1    0   4   0
  741   66.4   97.8  140.0 |  195.6   -0.9 3:0.4   aus |   10    0   015   30    30    1    0   3   0
  744   66.4   97.8  140.0 |  174.9   -0.9 4:0.4   aus |   10    0   015   30    30    1    0   4   0
  747   66.4   97.8  140.0 |  195.6   -0.9 3:0.4   aus |   10    0   015   30    30    1    0   3   0
  750   66.4   97.8  140.0 |  174.9   -0.9 4:0.4   aus |   10    0   015   30    30    1    0   4   0
  753   66.4   97.8  140.0 |  195.6   -0.9 3:0.4   aus |   10    0   015   30    30    1    0   3   0
  756   66.4   97.8  140.0 |  174.9   -0.9 4:0.4   aus |   10    0   015   30    30    1    0   4   0
  759   66.4   97.8  140.0 |  195.6   -0.9 3:0.4   aus |   10    0   015   30    30    1    0   3   0
  762   66.4   97.8  140.0 |  174.9   -0.9 4:0.4   aus |   10    0   015   30    30    1    0   4   0
  765   66.4   97.8  143.0 |   -0.9   -0.9   aus   aus |   10    0   017   28     0    0    0   0   0
  768   66.4   97.8  146.0 |   -0.9   -0.9   aus   aus |   10    0   017   25     0    0    0   0   0
  771   66.4   97.8  150.0 |   -0.9   -0.9   aus   aus |   10    0   017   22     0    0    0   0   0
  774   66.4   97.8  154.0 |   -0.9   -0.9   aus   aus |   10    0   017   19     0    0    0   0   0
  777   66.4   97.8  157.0 |   -0.9   -0.9   aus   aus |   10    0   017   16     0    0    0   0   0
  780   66.4   97.8  161.0 |   -0.9   -0.9   aus   aus |   10    0   017   13     0    0    0   0   0
  783   66.4   97.8  165.0 |   -0.9   -0.9   aus   aus |   10    0   017   10     0    0    0   0   0
  786   66.4   97.8  165.0 |   -0.9   -0.9   aus   aus |   10    0   017   10     3    0    0   0   0
  789   66.4   97.8  165.0 |   -0.9   -0.9   aus   aus |   10    0   017   10     6    0    0   0   0
  792   66.4   97.8  165.0 |   -0.9   -0.9   aus   aus |   10    0   017   10     9    0    0   0   0
  795   66.4   97.8  165.0 |   -0.9   -0.9   aus   aus |   10    0   017   10    12    0    0   0   0
  798   66.4   97.8  165.0 |   -0.9   -0.9   aus   aus |   10    0   017   10    15    0    0   0   0
  801   66.4   97.8  165.0 |   -0.9   -0.9   aus   aus |   10    0   017   10    18    0    0   0   0
  804   66.4   97.8  161.0 |  195.6   -0.9 3:0.4   aus |   10    0   015   13     0    1    0   3   0
  807   66.4   97.8  157.0 |  174.9   -0.9 4:0.4   aus |   10    0   015   16     0    1    0   4   0
  810   66.4   97.8  154.0 |  195.6   -0.9 3:0.4   aus |   10    0   015   19     0    1    0   3   0
  813   66.4   97.8  150.0 |  174.9   -0.9 4:0.4   aus |   10    0   015   22     0    1    0   4   0
  816   66.4   97.8  146.0 |  195.6   -0.9 3:0.4   aus |   10    0   015   25     0    1    0   3   0
  819   66.4   97.8  143.0 |  174.9   -0.9 4:0.4   aus |   10    0   015   28     0    1    0   4   0
  822   66.4   97.8  140.0 |  195.6   -0.9 3:0.4   aus |   10    0   015   30     1    1    0   3   0
  825   74.5   97.7  140.0 |  174.9   -0.9 4:0.4   aus |   10    0   015   30     4    1    0   4   0
  828   82.5   97.7  140.0 |  195.6   -0.9 3:0.4   aus |   10    0   015   30     7    1    0   3   0
  831   90.5   97.7  140.0 |  174.9   -0.9 4:0.4   aus |   10    0   015   30    10    1    0   4   0
  834   98.5   97.7  140.0 |  195.6   -0.9 3:0.4   aus |   10    0   015   30    13    1    0   3   0
  837  106.5   97.7  140.0 |  174.9   -0.9 4:0.4   aus |   10    0   015   30    16    1    0   4   0
  840  114.5   97.7  140.0 |  195.6   -0.9 3:0.4   aus |   10    0   015   30    19    1    0   3   0
  843  122.6   97.8  140.0 |  174.9   -0.9 4:0.4   aus |   10    0   015   30    22    1    0   4   0
  846  130.6   97.8  140.0 |  195.6   -0.9 3:0.4   aus |   10    0   015   30    25    1    0   3   0
  849  138.6   97.8  140.0 |  174.9   -0.9 4:0.4   aus |   10    0   015   30    28    1    0   4   0
  852  146.6   97.8  140.0 |  195.6   -0.9 3:0.4   aus |   10    0   015   30    30    1    0   3   0
  855  154.6   97.8  140.0 |  174.9   -0.9 4:0.4   aus |   10    0   015   30    30    1    0   4   0
  858  162.6   97.8  140.0 |  195.6   -0.9 3:0.4   aus |   10    0   015   30    30    1    0   3   0
  861  170.6   97.8  140.0 |  174.9   -0.9 4:0.4   aus |   10    0   015   30    30    1    0   4   0
  864  170.6   97.8  140.0 |  195.6   -0.9 3:0.4   aus |   10    0   015   30    30    1    0   3   0
  867  170.6   97.8  140.0 |  174.9   -0.9 4:0.4   aus |   10    0   015   30    30    1    0   4   0
  870  170.6   97.8  140.0 |  195.6   -0.9 3:0.4   aus |   10    0   015   30    30    1    0   3   0
  873  170.6   97.8  140.0 |  174.9   -0.9 4:0.4   aus |   10    0   015   30    30    1    0   4   0
  876  170.6   97.8  140.0 |  195.6   -0.9 3:0.4   aus |   10    0   015   30    30    1    0   3   0
  879  170.6   97.8  140.0 |  174.9   -0.9 4:0.4   aus |   10    0   015   30    30    1    0   4   0
  882  170.6   97.8  140.0 |  195.6   -0.9 3:0.4   aus |   10    0   015   30    30    1    0   3   0
  885  170.6   97.8  139.0 |  174.9   -0.9 4:0.4   aus |   10    0   055   31     0    1    0   4   0
  888  170.6   97.8  135.0 |  195.6   -0.9 3:0.4   aus |   10    0   055   34     0    1    0   3   0
  891  170.6   97.8  131.0 |  174.9   -0.9 4:0.4   aus |   10    0   055   37     0    1    0   4   0
  894  170.7   97.0  128.0 |  195.6   -0.9 3:0.4   aus |   10    0   055   40     0    1    0   3   0
  897  170.7  105.0  124.0 |  174.9   -0.9 4:0.4   aus |   10    0   055   43     0    1    0   4   0
  900  170.7  113.0  120.0 |  195.6   -0.9 3:0.4   aus |   10    0   055   46     0    1    0   3   0
  903  170.7  121.0  117.0 |  174.9   -0.9 4:0.4   aus |   10    0   055   49     0    1    0   4   0
  906  170.7  129.0  115.0 |  195.6   -0.9 3:0.4   aus |   10    0   055   50     2    1    0   3   0
  909  170.7  137.0  115.0 |  174.9   -0.9 4:0.4   aus |   10    0   055   50     5    1    0   4   0
  912  170.7  145.0  115.0 |  195.6   -0.9 3:0.4   aus |   10    0   055   50     8    1    0   3   0
  915  170.7  153.0  115.0 |  174.9   -0.9 4:0.4   aus |   10    0   055   50    11    1    0   4   0
  918  170.6  158.8  115.0 |  195.6   -0.9 3:0.4   aus |   10    0   055   50    14    1    0   3   0
  921  170.6  158.8  115.0 |  174.9   -0.9 4:0.4   aus |   10    0   055   50    17    1    0   4   0
  924  170.6  158.8  115.0 |  195.6   -0.9 3:0.4   aus |   10    0   055   50    20    1    0   3   0
  927  170.6  158.8  115.0 |  174.9   -0.9 4:0.4   aus |   10    0   055   50    23    1    0   4   0
  930  170.6  158.8  115.0 |  195.6   -0.9 3:0.4   aus |   10    0   055   50    26    1    0   3   0
  933  170.6  158.8  115.0 |  174.9   -0.9 4:0.4   aus |   10    0   055   50    29    1    0   4   0
  936  170.6  158.8  115.0 |  195.6   -0.9 3:0.4   aus |   10    0   055   50    30    1    0   3   0
  939  170.6  158.8  115.0 |  174.9   -0.9 4:0.4   aus |   10    0   055   50    30    1    0   4   0
  942  170.6  158.8  112.0 |  195.6  192.5 3:0.4 3:0.6 |   10    1   155   53     0    1    1   3   3
  945  170.6  158.8  108.0 |  174.9  168.1 4:0.4 4:0.6 |   10    1   155   56     0    1    1   4   4
  948  170.6  158.8  104.0 |  195.6  192.5 3:0.4 3:0.6 |   10    1   155   59     0    1    1   3   3
  951  170.6  158.8  101.0 |  174.9  168.1 4:0.4 4:0.6 |   10    1   155   62     0    1    1   4   4
  954  170.6  158.8   97.0 |  195.6  192.5 3:0.4 3:0.6 |   10    1   155   65     0    1    1   3   3
  957  170.6  158.8   93.0 |  174.9  168.1 4:0.4 4:0.6 |   10    1   155   68     0    1    1   4   4
  960  170.6  158.8   90.0 |  195.6  192.5 3:0.4 3:0.6 |   10    1   155   71     0    1    1   3   3
  963  170.6  158.8   86.0 |  174.9  168.1 4:0.4 4:0.6 |   10    1   155   74     0    1    1   4   4
  966  170.6  158.8   82.0 |  195.6  192.5 3:0.4 3:0.6 |   10    1   155   77     0    1    1   3   3
  969  170.6  158.8   79.0 |  174.9  168.1 4:0.4 4:0.6 |   10    1   155   80     0    1    1   4   4
  972  170.6  158.8   79.0 |  195.6  192.5 3:0.4 3:0.6 |   10    1   155   80     3    1    1   3   3
  975  170.6  158.8   79.0 |  174.9  168.1 4:0.4 4:0.6 |   10    1   155   80     6    1    1   4   4
  978  170.6  158.8   79.0 |  195.6  192.5 3:0.4 3:0.6 |   10    1   155   80     9    1    1   3   3
  981  170.6  158.8   79.0 |  174.9  168.1 4:0.4 4:0.6 |   10    1   155   80    12    1    1   4   4
  984  170.6  158.8   79.0 |  195.6  192.5 3:0.4 3:0.6 |   10    1   155   80    15    1    1   3   3
  987  170.6  158.8   79.0 |  174.9  168.1 4:0.4 4:0.6 |   10    1   155   80    18    1    1   4   4
  990  170.6  158.8   79.0 |  195.6  192.5 3:0.4 3:0.6 |   10    1   155   80    21    1    1   3   3
  993  170.6  158.8   79.0 |  174.9  168.1 4:0.4 4:0.6 |   10    1   155   80    24    1    1   4   4
  996  170.6  158.8   79.0 |  195.6  192.5 3:0.4 3:0.6 |   10    1   155   80    27    1    1   3   3
  999  170.6  158.8   79.0 |  174.9  168.1 4:0.4 4:0.6 |   10    1   155   80    30    1    1   4   4
 1002   -1.0   -1.0   -1.0 |  -14.6  -25.3     ?     ? |    8    0   155   80    30    1    1   3   3
 1005   -1.0   -1.0   -1.0 |  -14.6  -25.3     ?     ? |    8    0   155   80    30    1    1   4   4
 1008   -1.0   -1.0   -1.0 |  -14.6  -25.3     ?     ? |    8    0   155   80    30    1    1   3   3
 1011   -1.0   -1.0   -1.0 |  -14.6  -25.3     ?     ? |    8    0   155   80    30    1    1   4   4
 1014   -1.0   -1.0   -1.0 |  -14.6  -25.3     ?     ? |    8    0   155   80    30    1    1   3   3
 1017   -1.0   -1.0   -1.0 |  -14.6  -25.3     ?     ? |    8    0   155   80    30    1    1   4   4
 1020   -1.0   -1.0   -1.0 |  -14.6  -25.3     ?     ? |    8    0   155   80    30    1    1   3   3
 1023   -1.0   -1.0   -1.0 |  -14.6  -25.3     ?     ? |    8    0   155   80    30    1    1   4   4
 1026   -1.0   -1.0   -1.0 |  -14.6  -25.3     ?     ? |    8    0   155   80    30    1    1   3   3
 1029   -1.0   -1.0   -1.0 |  -14.6  -25.3     ?     ? |    8    0   155   80    30    1    1   4   4
 1032   -1.0   -1.0   -1.0 |  -14.6  -25.3     ?     ? |    8    0   155   80    30    1    1   3   3
 1035   -1.0   -1.0   -1.0 |  -14.6  -25.3     ?     ? |    8    0   155   80    30    1    1   4   4
 1038   -1.0   -1.0   -1.0 |  -14.6  -25.3     ?     ? |    8    0   155   80    30    1    1   3   3
 1041   -1.0   -1.0   -1.0 |  -14.6  -25.3     ?     ? |    8    0   155   80    30    1    1   4   4
 1044   -1.0   -1.0   -1.0 |  -14.6  -25.3     ?     ? |    8    0   155   80    30    1    1   3   3
 1047   -1.0   -1.0   -1.0 |  -14.6  -25.3     ?     ? |    8    0   155   80    30    1    1   4   4
 1050   -1.0   -1.0   -1.0 |  -14.6  -25.3     ?     ? |    8    0   155   80    30    1    1   3   3
 1053   -1.0   -1.0   -1.0 |  -14.6  -25.3     ?     ? |    8    0   155   80    30    1    1   4   4
 1056   -1.0   -1.0   -1.0 |  -14.6  -25.3     ?     ? |    8    0   155   80    30    1    1   3   3
 1059   -1.0   -1.0   -1.0 |  -14.6  -25.3     ?     ? |    8    0   155   80    30    1    1   4   4
 1062   -1.0   -1.0   -1.0 |  -14.6  -25.3     ?     ? |    8    0   155   80    30    1    1   3   3
 1065   -1.0   -1.0   -1.0 |  -14.6  -25.3     ?     ? |    8    0   155   80    30    1    1   4   4
 1068   -1.0   -1.0   -1.0 |  -14.6  -25.3     ?     ? |    8    0   155   80    30    1    1   3   3
 1071   -1.0   -1.0   -1.0 |  -14.6  -25.3     ?     ? |    8    0   155   80    30    1    1   4   4
 1074   -1.0   -1.0   -1.0 |  -14.6  -25.3     ?     ? |    8    0   155   80    30    1    1   3   3
 1077   -1.0   -1.0   -1.0 |  -14.6  -25.3     ?     ? |    8    0   155   80    30    1    1   4   4
 1080   -1.0   -1.0   -1.0 |  -14.6  -25.3     ?     ? |    8    0   155   80    30    1    1   3   3
 1083   -1.0   -1.0   -1.0 |  -14.6  -25.3     ?     ? |    8    0   155   80    30    1    1   4   4
 1086   -1.0   -1.0   -1.0 |  -14.6  -25.3     ?     ? |    8    0   155   80    30    1    1   3   3
 1089   -1.0   -1.0   -1.0 |  -14.6  -25.3     ?     ? |    8    0   155   80    30    1    1   4   4
 1092   -1.0   -1.0   -1.0 |  -14.6  -25.3     ?     ? |    8    0   155   80    30    1    1   3   3
 1095   -1.0   -1.0   -1.0 |  -14.6  -25.3     ?     ? |    8    0   155   80    30    1    1   4   4
 1098   -1.0   -1.0   -1.0 |  -14.6  -25.3     ?     ? |    8    0   155   80    30    1    1   3   3
 1101   -1.0   -1.0   -1.0 |  -14.6  -25.3     ?     ? |    8    0   155   80    30    1    1   4   4
 1104   -1.0   -1.0   -1.0 |  -14.6  -25.3     ?     ? |    8    0   155   80    30    1    1   3   3
 1107   -1.0   -1.0   -1.0 |  -14.6  -25.3     ?     ? |    8    0   155   80    30    1    1   4   4
 1110   -1.0   -1.0   -1.0 |  -14.6  -25.3     ?     ? |    8    0   155   80    30    1    1   3   3
