    F  cur_x  cur_y   zg_y |   dG_o   dG_u   Z_o   Z_u |  cut sper maske wert  ruhe   lo   lu  zo  zu
  540  159.5  158.6  167.0 |   -0.9   -0.9   aus   aus |   10    0   040    8     0    0    0   0   0
  543  159.5  158.6  163.0 |   -0.9   -0.9   aus   aus |   10    0   040   11     0    0    0   0   0
  546  159.5  158.6  160.0 |   -0.9   -0.9   aus   aus |   10    0   040   14     0    0    0   0   0
  549  156.4  158.8  156.0 |   -0.9   -0.9   aus   aus |   10    0   040   17     0    0    0   0   0
  552  148.4  158.8  152.0 |   -0.9   -0.9   aus   aus |   10    0   040   20     0    0    0   0   0
  555  140.4  158.8  152.0 |   -0.9   -0.9   aus   aus |   10    0   040   20     3    0    0   0   0
  558  132.4  158.8  152.0 |   -0.9   -0.9   aus   aus |   10    0   040   20     6    0    0   0   0
  561  125.6  158.8  152.0 |   -0.9   -0.9   aus   aus |   10    0   040   20     9    0    0   0   0
  564  117.6  158.8  151.0 |   -0.9  192.5   aus 3:0.6 |   10    0   140   21     0    0    1   0   3
  567  109.6  158.8  147.0 |   -0.9  168.1   aus 4:0.6 |   10    0   140   24     0    0    1   0   4
  570  101.6  158.8  144.0 |   -0.9  192.5   aus 3:0.6 |   10    0   140   27     0    0    1   0   3
  573   93.6  158.8  140.0 |   -0.9  168.1   aus 4:0.6 |   10    0   140   30     0    0    1   0   4
  576   85.6  158.8  136.0 |   -0.9  192.5   aus 3:0.6 |   10    0   140   33     0    0    1   0   3
  579   77.6  158.8  133.0 |   -0.9  168.1   aus 4:0.6 |   10    0   140   36     0    0    1   0   4
  582   69.6  158.8  129.0 |   -0.9  192.5   aus 3:0.6 |   10    0   140   39     0    0    1   0   3
  585   66.4  154.2  125.0 |   -0.9  168.1   aus 4:0.6 |   10    0   140   42     0    0    1   0   4
  588   66.4  146.2  122.0 |   -0.9  192.5   aus 3:0.6 |   10    0   140   45     0    0    1   0   3
  591   66.4  138.2  118.0 |   -0.9  168.1   aus 4:0.6 |   10    0   140   48     0    0    1   0   4
  594   66.4  130.2  115.0 |   -0.9  192.5   aus 3:0.6 |   10    0   140   50     1    0    1   0   3
  597   66.4  126.8  115.0 |   -0.9  168.1   aus 4:0.6 |   10    0   140   50     4    0    1   0   4
  600   66.4  126.8  115.0 |   -0.9  192.5   aus 3:0.6 |   10    0   140   50     7    0    1   0   3
  603   66.4  126.8  115.0 |   -0.9  168.1   aus 4:0.6 |   10    0   140   50    10    0    1   0   4
  606   66.4  118.8  115.0 |   -0.9  192.5   aus 3:0.6 |   10    0   140   50    13    0    1   0   3
  609   66.4  110.8  115.0 |   -0.9  168.1   aus 4:0.6 |   10    0   140   50    16    0    1   0   4
  612   66.4  103.5  115.0 |   -0.9  192.5   aus 3:0.6 |   10    0   140   50    19    0    1   0   3
  615   66.4   95.5  115.0 |   -0.9  168.1   aus 4:0.6 |   10    0   140   50    22    0    1   0   4
  618   66.4   87.5  115.0 |   -0.9  192.5   aus 3:0.6 |   10    0   140   50    25    0    1   0   3
  621   66.4   79.5  119.0 |   -0.9  168.1   aus 4:0.6 |   10    0   144   47     0    0    1   0   4
  624   66.4   79.5  123.0 |   -0.9  192.5   aus 3:0.6 |   10    0   144   44     0    0    1   0   3
  627   66.4   79.5  127.0 |   -0.9  168.1   aus 4:0.6 |   10    0   144   41     0    0    1   0   4
  630   66.4   81.8  128.0 |   -0.9  192.5   aus 3:0.6 |   10    0   144   40     2    0    1   0   3
  633   66.4   89.8  128.0 |   -0.9  168.1   aus 4:0.6 |   10    0   144   40     5    0    1   0   4
  636   66.4   97.8  128.0 |   -0.9  192.5   aus 3:0.6 |   10    0   144   40     8    0    1   0   3
  639   66.4  106.2  128.0 |   -0.9  168.1   aus 4:0.6 |   10    0   144   40    11    0    1   0   4
  642   66.4  114.2  128.0 |   -0.9  192.5   aus 3:0.6 |   10    0   144   40    14    0    1   0   3
  645   66.4  122.2  127.0 |   -0.9  168.1   aus 4:0.6 |   10    0   145   41     0    0    1   0   4
  648   66.4  130.2  123.0 |   -0.9  192.5   aus 3:0.6 |   10    0   145   44     0    0    1   0   3
  651   66.4  138.2  119.0 |   -0.9  168.1   aus 4:0.6 |   10    0   145   47     0    0    1   0   4
  654   66.4  146.2  115.0 |   -0.9  192.5   aus 3:0.6 |   10    0   145   50     0    0    1   0   3
  657   66.4  154.2  112.0 |   -0.9  168.1   aus 4:0.6 |   10    0   145   53     0    0    1   0   4
  660   66.4  162.2  108.0 |   -0.9  192.5   aus 3:0.6 |   10    0   145   56     0    0    1   0   3
  663   66.3  166.0  104.0 |   -0.9  168.1   aus 4:0.6 |   10    0   145   59     0    0    1   0   4
  666   66.3  174.0  103.0 |   -0.9  192.5   aus 3:0.6 |   10    0   145   60     2    0    1   0   3
  669   66.3  182.0  103.0 |   -0.9  168.1   aus 4:0.6 |   10    0   145   60     5    0    1   0   4
  672   66.3  185.0  103.0 |   -0.9  192.5   aus 3:0.6 |   10    0   145   60     8    0    1   0   3
  675   66.3  185.0  103.0 |   -0.9  168.1   aus 4:0.6 |   10    0   145   60    11    0    1   0   4
  678   66.3  185.0  103.0 |   -0.9  192.5   aus 3:0.6 |   10    0   145   60    14    0    1   0   3
  681   66.3  185.0  103.0 |   -0.9  168.1   aus 4:0.6 |   10    0   145   60    17    0    1   0   4
  684   66.3  185.0  103.0 |   -0.9  192.5   aus 3:0.6 |   10    0   145   60    20    0    1   0   3
  687   66.3  185.0  103.0 |   -0.9  168.1   aus 4:0.6 |   10    0   145   60    23    0    1   0   4
  690   66.3  185.0  103.0 |   -0.9  192.5   aus 3:0.6 |   10    0   145   60    26    0    1   0   3
  693   66.3  185.0  103.0 |   -0.9  168.1   aus 4:0.6 |   10    0   145   60    29    0    1   0   4
  696   66.3  185.0  100.0 |  195.6  192.5 3:0.4 3:0.6 |   10    1   155   63     0    1    1   3   3
  699   66.3  185.0   96.0 |  174.9  168.1 4:0.4 4:0.6 |   10    1   155   66     0    1    1   4   4
  702   66.3  185.0   92.0 |  195.6  192.5 3:0.4 3:0.6 |   10    1   155   69     0    1    1   3   3
  705   66.3  185.0   88.0 |  174.9  168.1 4:0.4 4:0.6 |   10    1   155   72     0    1    1   4   4
  708   66.3  185.0   85.0 |  195.6  192.5 3:0.4 3:0.6 |   10    1   155   75     0    1    1   3   3
  711   66.3  185.0   81.0 |  174.9  168.1 4:0.4 4:0.6 |   10    1   155   78     0    1    1   4   4
  714   66.3  185.0   79.0 |  195.6  192.5 3:0.4 3:0.6 |   10    1   155   80     1    1    1   3   3
  717   66.3  185.0   79.0 |  174.9  168.1 4:0.4 4:0.6 |   10    1   155   80     4    1    1   4   4
  720   66.3  185.0   79.0 |  195.6  192.5 3:0.4 3:0.6 |   10    1   155   80     7    1    1   3   3
  723   66.3  185.0   79.0 |  174.9  168.1 4:0.4 4:0.6 |   10    1   155   80    10    1    1   4   4
  726   66.3  185.0   79.0 |  195.6  192.5 3:0.4 3:0.6 |   10    1   155   80    13    1    1   3   3
  729   66.3  185.0   79.0 |  174.9  168.1 4:0.4 4:0.6 |   10    1   155   80    16    1    1   4   4
  732   66.3  185.0   79.0 |  195.6  192.5 3:0.4 3:0.6 |   10    1   155   80    19    1    1   3   3
  735   66.3  185.0   79.0 |  174.9  168.1 4:0.4 4:0.6 |   10    1   155   80    22    1    1   4   4
  738   66.3  185.0   79.0 |  195.6  192.5 3:0.4 3:0.6 |   10    1   155   80    25    1    1   3   3
  741   66.3  185.0   79.0 |  174.9  168.1 4:0.4 4:0.6 |   10    1   155   80    28    1    1   4   4
  744   -1.0   -1.0   -1.0 |  -14.6  -25.3     ?     ? |   10    0   155   80    30    1    1   3   3
  747   -1.0   -1.0   -1.0 |  -14.6  -25.3     ?     ? |    8    0   155   80    30    1    1   4   4
  750   -1.0   -1.0   -1.0 |  -14.6  -25.3     ?     ? |    8    0   155   80    30    1    1   3   3
  753   -1.0   -1.0   -1.0 |  -14.6  -25.3     ?     ? |    8    0   155   80    30    1    1   4   4
  756   -1.0   -1.0   -1.0 |  -14.6  -25.3     ?     ? |    8    0   155   80    30    1    1   3   3
  759   -1.0   -1.0   -1.0 |  -14.6  -25.3     ?     ? |    8    0   155   80    30    1    1   4   4
  762   -1.0   -1.0   -1.0 |  -14.6  -25.3     ?     ? |    8    0   155   80    30    1    1   3   3
  765   -1.0   -1.0   -1.0 |  -14.6  -25.3     ?     ? |    8    0   155   80    30    1    1   4   4
  768   -1.0   -1.0   -1.0 |  -14.6  -25.3     ?     ? |    8    0   155   80    30    1    1   3   3
  771   -1.0   -1.0   -1.0 |  -14.6  -25.3     ?     ? |    8    0   155   80    30    1    1   4   4
  774   -1.0   -1.0   -1.0 |  -14.6  -25.3     ?     ? |    8    0   155   80    30    1    1   3   3
  777   -1.0   -1.0   -1.0 |  -14.6  -25.3     ?     ? |    8    0   155   80    30    1    1   4   4
  780   -1.0   -1.0   -1.0 |  -14.6  -25.3     ?     ? |    8    0   155   80    30    1    1   3   3
  783   -1.0   -1.0   -1.0 |  -14.6  -25.3     ?     ? |    8    0   155   80    30    1    1   4   4
  786   -1.0   -1.0   -1.0 |  -14.6  -25.3     ?     ? |    8    0   155   80    30    1    1   3   3
  789   -1.0   -1.0   -1.0 |  -14.6  -25.3     ?     ? |    8    0   155   80    30    1    1   4   4
  792   -1.0   -1.0   -1.0 |  -14.6  -25.3     ?     ? |    8    0   155   80    30    1    1   3   3
  795   -1.0   -1.0   -1.0 |  -14.6  -25.3     ?     ? |    8    0   155   80    30    1    1   4   4
  798   -1.0   -1.0   -1.0 |  -14.6  -25.3     ?     ? |    8    0   155   80    30    1    1   3   3
  801   -1.0   -1.0   -1.0 |  -14.6  -25.3     ?     ? |    8    0   155   80    30    1    1   4   4
  804   -1.0   -1.0   -1.0 |  -14.6  -25.3     ?     ? |    8    0   155   80    30    1    1   3   3
  807   -1.0   -1.0   -1.0 |  -14.6  -25.3     ?     ? |    8    0   155   80    30    1    1   4   4
  810   -1.0   -1.0   -1.0 |  -14.6  -25.3     ?     ? |    8    0   155   80    30    1    1   3   3
  813   -1.0   -1.0   -1.0 |  -14.6  -25.3     ?     ? |    8    0   155   80    30    1    1   4   4
  816   -1.0   -1.0   -1.0 |  -14.6  -25.3     ?     ? |    8    0   155   80    30    1    1   3   3
  819   -1.0   -1.0   -1.0 |  -14.6  -25.3     ?     ? |    8    0   155   80    30    1    1   4   4
  822   -1.0   -1.0   -1.0 |  -14.6  -25.3     ?     ? |    8    0   155   80    30    1    1   3   3
  825   -1.0   -1.0   -1.0 |  -14.6  -25.3     ?     ? |    8    0   155   80    30    1    1   4   4
  828   -1.0   -1.0   -1.0 |  -14.6  -25.3     ?     ? |    8    0   155   80    30    1    1   3   3
  831   -1.0   -1.0   -1.0 |  -14.6  -25.3     ?     ? |    8    0   155   80    30    1    1   4   4
  834   -1.0   -1.0   -1.0 |  -14.6  -25.3     ?     ? |    8    0   155   80    30    1    1   3   3
  837   -1.0   -1.0   -1.0 |  -14.6  -25.3     ?     ? |    8    0   155   80    30    1    1   4   4
  840   -1.0   -1.0   -1.0 |  -14.6  -25.3     ?     ? |    8    0   155   80    30    1    1   3   3
  843   -1.0   -1.0   -1.0 |  -14.6  -25.3     ?     ? |    8    0   155   80    30    1    1   4   4
  846   -1.0   -1.0   -1.0 |  -14.6  -25.3     ?     ? |    8    0   155   80    30    1    1   3   3
  849   -1.0   -1.0   -1.0 |  -14.6  -25.3     ?     ? |    8    0   155   80    30    1    1   4   4
  852   -1.0   -1.0   -1.0 |  -14.6  -25.3     ?     ? |    8    0   155   80    30    1    1   3   3
  855   -1.0   -1.0   -1.0 |  -14.6  -25.3     ?     ? |    8    0   155   80    30    1    1   4   4
  858   -1.0   -1.0   -1.0 |  -14.6  -25.3     ?     ? |    8    0   155   80    30    1    1   3   3
  861   -1.0   -1.0   -1.0 |  -14.6  -25.3     ?     ? |    8    0   155   80    30    1    1   4   4
  864   -1.0   -1.0   -1.0 |  -14.6  -25.3     ?     ? |    8    0   155   80    30    1    1   3   3
  867   -1.0   -1.0   -1.0 |  -14.6  -25.3     ?     ? |    8    0   155   80    30    1    1   4   4
  870   -1.0   -1.0   -1.0 |  -14.6  -25.3     ?     ? |    8    0   155   80    30    1    1   3   3
  873   -1.0   -1.0   -1.0 |  -14.6  -25.3     ?     ? |    8    0   155   80    30    1    1   4   4
  876   -1.0   -1.0   -1.0 |  -14.6  -25.3     ?     ? |    8    0   155   80    30    1    1   3   3
  879   -1.0   -1.0   -1.0 |  -14.6  -25.3     ?     ? |    8    0   155   80    30    1    1   4   4
  882   -1.0   -1.0   -1.0 |  -14.6  -25.3     ?     ? |    8    0   155   80    30    1    1   3   3
  885   -1.0   -1.0   -1.0 |  -14.6  -25.3     ?     ? |    8    0   155   80    30    1    1   4   4
  888   -1.0   -1.0   -1.0 |  -14.6  -25.3     ?     ? |    8    0   155   80    30    1    1   3   3
  891   -1.0   -1.0   -1.0 |  -14.6  -25.3     ?     ? |    8    0   155   80    30    1    1   4   4
  894   -1.0   -1.0   -1.0 |  -14.6  -25.3     ?     ? |    8    0   155   80    30    1    1   3   3
  897   -1.0   -1.0   -1.0 |  -14.6  -25.3     ?     ? |    8    0   155   80    30    1    1   4   4
  900   -1.0   -1.0   -1.0 |  -14.6  -25.3     ?     ? |    8    0   155   80    30    1    1   3   3
  903   -1.0   -1.0   -1.0 |  -14.6  -25.3     ?     ? |    8    0   155   80    30    1    1   4   4
  906   -1.0   -1.0   -1.0 |  -14.6  -25.3     ?     ? |    8    0   155   80    30    1    1   3   3
  909   -1.0   -1.0   -1.0 |  -14.6  -25.3     ?     ? |    8    0   155   80    30    1    1   4   4
  912   -1.0   -1.0   -1.0 |  -14.6  -25.3     ?     ? |    8    0   155   80    30    1    1   3   3
  915   -1.0   -1.0   -1.0 |  -14.6  -25.3     ?     ? |    8    0   155   80    30    1    1   4   4
  918   -1.0   -1.0   -1.0 |  -14.6  -25.3     ?     ? |    8    0   155   80    30    1    1   3   3
  921   -1.0   -1.0   -1.0 |  -14.6  -25.3     ?     ? |    8    0   155   80    30    1    1   4   4
  924   -1.0   -1.0   -1.0 |  -14.6  -25.3     ?     ? |    8    0   155   80    30    1    1   3   3
  927   -1.0   -1.0   -1.0 |  -14.6  -25.3     ?     ? |    8    0   155   80    30    1    1   4   4
  930   -1.0   -1.0   -1.0 |  -14.6  -25.3     ?     ? |    8    0   155   80    30    1    1   3   3
  933   -1.0   -1.0   -1.0 |  -14.6  -25.3     ?     ? |    8    0   155   80    30    1    1   4   4
  936   -1.0   -1.0   -1.0 |  -14.6  -25.3     ?     ? |    8    0   155   80    30    1    1   3   3
  939   -1.0   -1.0   -1.0 |  -14.6  -25.3     ?     ? |    8    0   155   80    30    1    1   4   4
  942   -1.0   -1.0   -1.0 |  -14.6  -25.3     ?     ? |    8    0   155   80    30    1    1   3   3
  945   -1.0   -1.0   -1.0 |  -14.6  -25.3     ?     ? |    8    0   155   80    30    1    1   4   4
  948   -1.0   -1.0   -1.0 |  -14.6  -25.3     ?     ? |    8    0   155   80    30    1    1   3   3
  951   -1.0   -1.0   -1.0 |  -14.6  -25.3     ?     ? |    8    0   155   80    30    1    1   4   4
  954   -1.0   -1.0   -1.0 |  -14.6  -25.3     ?     ? |    8    0   155   80    30    1    1   3   3
  957   -1.0   -1.0   -1.0 |  -14.6  -25.3     ?     ? |    8    0   155   80    30    1    1   4   4
  960   -1.0   -1.0   -1.0 |  -14.6  -25.3     ?     ? |    8    0   155   80    30    1    1   3   3
