    F  cur_x  cur_y   zg_y |   dG_o   dG_u   Z_o   Z_u |  cut sper maske wert  ruhe   lo   lu  zo  zu
  505  159.5  105.0  177.0 |   -0.9   -0.9   aus   aus |   10    0   000    0    30    0    0   0   0
  508  159.5   97.0  177.0 |   -0.9   -0.9   aus   aus |   10    0   000    0    30    0    0   0   0
  511  159.5   97.7  177.0 |   -0.9   -0.9   aus   aus |   10    0   000    0    30    0    0   0   0
  514  159.5   97.7  177.0 |   -0.9   -0.9   aus   aus |   10    0   000    0    30    0    0   0   0
  517  159.5   97.7  177.0 |   -0.9   -0.9   aus   aus |   10    0   000    0    30    0    0   0   0
  520  159.5  106.1  177.0 |   -0.9   -0.9   aus   aus |   10    0   000    0    30    0    0   0   0
  523  159.5  114.1  177.0 |   -0.9   -0.9   aus   aus |   10    0   000    0    30    0    0   0   0
  526  159.5  122.1  177.0 |   -0.9   -0.9   aus   aus |   10    0   000    0    30    0    0   0   0
  529  159.5  130.1  177.0 |   -0.9   -0.9   aus   aus |   10    0   000    0    30    0    0   0   0
  532  159.5  138.1  177.0 |   -0.9   -0.9   aus   aus |   10    0   000    0    30    0    0   0   0
  535  159.5  146.1  173.0 |   -0.9   -0.9   aus   aus |   10    0   040    3     0    0    0   0   0
  538  159.5  154.1  170.0 |   -0.9   -0.9   aus   aus |   10    0   040    6     0    0    0   0   0
  541  159.5  162.1  166.0 |   -0.9   -0.9   aus   aus |   10    0   040    9     0    0    0   0   0
  544  159.5  166.0  162.0 |   -0.9   -0.9   aus   aus |   10    0   040   12     0    0    0   0   0
  547  159.5  174.0  159.0 |   -0.9   -0.9   aus   aus |   10    0   040   15     0    0    0   0   0
  550  159.5  182.0  155.0 |   -0.9   -0.9   aus   aus |   10    0   040   18     0    0    0   0   0
  553  159.5  185.2  152.0 |   -0.9   -0.9   aus   aus |   10    0   040   20     1    0    0   0   0
  556  159.5  188.6  152.0 |   -0.9   -0.9   aus   aus |   10    0   040   20     4    0    0   0   0
  559  159.5  195.9  152.0 |   -0.9   -0.9   aus   aus |   10    0   040   20     7    0    0   0   0
  562   -1.0   -1.0  152.0 |   -0.9   -0.9   aus   aus |   10    0   040   20    10    0    0   0   0
  565   -1.0   -1.0  152.0 |   -0.9   -0.9   aus   aus |   10    0   040   20    13    0    0   0   0
  568   -1.0   -1.0  152.0 |   -0.9   -0.9   aus   aus |   10    0   040   20    16    0    0   0   0
  571   -1.0   -1.0  152.0 |   -0.9   -0.9   aus   aus |   10    0   040   20    19    0    0   0   0
  574   -1.0   -1.0  152.0 |   -0.9   -0.9   aus   aus |   10    0   040   20    22    0    0   0   0
  577   -1.0   -1.0  152.0 |   -0.9   -0.9   aus   aus |   10    0   040   20    25    0    0   0   0
  580   -1.0   -1.0  152.0 |   -0.9   -0.9   aus   aus |   10    0   040   20    28    0    0   0   0
  583   -1.0   -1.0  152.0 |   -0.9   -0.9   aus   aus |   10    0   040   20    30    0    0   0   0
  586   -1.0   -1.0  152.0 |   -0.9   -0.9   aus   aus |   10    0   040   20    30    0    0   0   0
  589   -1.0   -1.0  152.0 |   -0.9   -0.9   aus   aus |   10    0   040   20    30    0    0   0   0
  592   -1.0   -1.0  152.0 |   -0.9   -0.9   aus   aus |   10    0   040   20    30    0    0   0   0
  595   -1.0   -1.0  152.0 |   -0.9   -0.9   aus   aus |   10    0   040   20    30    0    0   0   0
  598   -1.0   -1.0  152.0 |   -0.9   -0.9   aus   aus |   10    0   040   20    30    0    0   0   0
  601   -1.0   -1.0  152.0 |   -0.9   -0.9   aus   aus |   10    0   040   20    30    0    0   0   0
  604   -1.0   -1.0  152.0 |   -0.9   -0.9   aus   aus |   10    0   040   20    30    0    0   0   0
  607   -1.0   -1.0  152.0 |   -0.9   -0.9   aus   aus |   10    0   040   20    30    0    0   0   0
  610   -1.0   -1.0  152.0 |   -0.9   -0.9   aus   aus |   10    0   040   20    30    0    0   0   0
  613   -1.0   -1.0  152.0 |   -0.9   -0.9   aus   aus |   10    0   040   20    30    0    0   0   0
  616   -1.0   -1.0  152.0 |   -0.9   -0.9   aus   aus |   10    0   040   20    30    0    0   0   0
  619   -1.0   -1.0  152.0 |   -0.9   -0.9   aus   aus |   10    0   040   20    30    0    0   0   0
  622   -1.0   -1.0  152.0 |   -0.9   -0.9   aus   aus |   10    0   040   20    30    0    0   0   0
  625   -1.0   -1.0  152.0 |   -0.9   -0.9   aus   aus |   10    0   040   20    30    0    0   0   0
  628   -1.0   -1.0  152.0 |   -0.9   -0.9   aus   aus |   10    0   040   20    30    0    0   0   0
  631   -1.0   -1.0  152.0 |   -0.9   -0.9   aus   aus |   10    0   040   20    30    0    0   0   0
  634   -1.0   -1.0  152.0 |   -0.9   -0.9   aus   aus |   10    0   040   20    30    0    0   0   0
  637   -1.0   -1.0  152.0 |   -0.9   -0.9   aus   aus |   10    0   040   20    30    0    0   0   0
  640   -1.0   -1.0  152.0 |   -0.9   -0.9   aus   aus |   10    0   040   20    30    0    0   0   0
