1 0 0 15392 2 2 30732 1800 171374
1 0 1 17216 2 2 34401 1800 197485
1 0 2 20672 1 2 41302 1800 246978
1 0 3 18688 1 2 37330 1800 238789
1 0 4 14880 2 2 29701 1800 174766
1 0 5 17920 1 2 35813 1800 224810
1 0 6 18560 1 2 37080 1800 237699
1 0 7 19808 1 2 39612 1800 250397
1 0 8 17312 1 2 34598 1800 216358
1 1 0 16992 2 2 33962 1800 192834
1 1 1 17792 2 2 35550 1800 205130
1 1 2 14880 2 2 29742 1800 179754
1 1 3 17888 2 2 35747 1800 213989
1 1 4 14528 2 2 29029 1800 154914
1 1 5 16384 2 2 32733 1800 177793
1 1 6 16928 2 2 33851 1800 192003
1 1 7 15552 2 2 31082 1800 168126
1 1 8 17504 2 2 34953 1800 194473
1 2 0 22656 1 3 45260 1800 253299
1 2 1 17536 2 3 35054 1800 201221
1 2 2 16448 2 3 32852 1800 183026
1 2 3 17920 2 3 35803 1800 204427
1 2 4 15552 2 3 31077 1800 166323
1 2 5 17984 2 3 35955 1800 207451
1 2 6 15840 2 3 31629 1800 175765
1 2 7 17312 1 3 34574 1800 195013
1 2 8 15872 1 3 31704 1800 175229
1 2 9 16096 1 3 32147 1800 168250
1 2 10 19968 1 3 39885 1800 225416
1 2 11 17056 1 3 34068 1800 177873
1 2 12 16064 2 3 32070 1800 176633
1 3 0 16672 2 3 33291 1800 185678
1 3 1 15520 2 3 30990 1800 168867
1 3 2 22560 1 3 45066 1800 253643
1 3 3 13920 2 3 27800 1800 154038
1 3 4 16000 2 3 31950 1800 175334
1 3 5 19936 1 3 39871 1800 215767
1 3 6 19520 2 3 39021 1800 226300
1 3 7 16384 1 3 32717 1800 164108
1 3 8 14656 1 3 29252 1800 142203
1 3 9 16352 2 3 32700 1800 181297
1 3 10 13920 2 3 27815 1800 154373
1 3 11 15808 2 3 31587 1800 174973
1 3 12 19232 2 3 38460 1800 223385
1 3 13 1824 1 2 3602 1800 21600
1 4 0 17312 1 3 34579 1800 175647
1 4 1 21344 1 3 42654 1800 232134
1 4 2 18848 1 3 37675 1800 198015
1 4 3 19360 1 3 38699 1800 217056
1 4 4 18432 1 3 36863 1800 186427
1 4 5 19200 1 3 38397 1800 204373
1 4 6 17280 1 3 34519 1800 181132
1 5 0 19488 1 2 38934 1800 229351
1 5 1 14880 2 2 29741 1800 170164
1 5 2 18816 2 2 37614 1800 221269
1 5 3 18912 2 2 37799 1800 219848
1 5 4 21312 1 2 42621 1800 253944
1 5 5 21504 1 2 42960 1800 252303
1 5 6 14496 2 2 28974 1800 165989
1 5 7 19680 1 2 39350 1800 214969
1 5 8 19712 1 2 39404 1800 215902
1 5 9 14848 2 2 29661 1800 163487
1 5 10 18304 1 2 36584 1800 202814
1 6 0 14816 2 2 29598 1800 173257
1 6 1 22592 1 2 45144 1800 260361
1 6 2 15872 2 2 31724 1800 189289
1 6 3 14720 2 2 29400 1800 171001
1 6 4 15264 2 2 30530 1800 177370
1 6 5 15904 2 2 31775 1800 188835
1 6 6 22112 1 2 44203 1800 258041
1 6 7 15744 2 2 31433 1800 185126
1 7 0 14976 2 3 29946 1800 160216
1 7 1 17568 2 3 35079 1800 195710
1 7 2 16544 2 3 33049 1800 180242
1 7 3 18880 2 3 37705 1800 210175
1 7 4 16448 2 3 32868 1800 182925
1 7 5 16640 2 3 33260 1800 183972
1 7 6 16256 2 3 32481 1800 179102
1 7 7 17280 2 3 34517 1800 186783
1 8 0 18208 2 2 36361 1800 210013
1 8 1 17248 1 2 34453 1800 236130
1 8 2 17536 1 2 35059 1800 241114
1 8 3 17504 1 2 34976 1800 240911
1 8 4 17504 1 2 34972 1800 241331
1 9 0 18816 1 3 37579 1800 205531
1 9 1 18816 1 3 37591 1800 201463
1 9 2 20256 1 3 40513 1800 220775
1 9 3 20480 1 3 40951 1800 236604
1 9 4 22496 1 3 44964 1800 252971
1 9 5 16928 2 3 33831 1800 186477
1 9 6 15712 2 3 31406 1800 162148
1 9 7 21952 1 3 43883 1800 240942
1 9 8 19232 1 3 38463 1800 212118
1 9 9 19520 1 3 39032 1800 213084
1 9 10 20128 1 3 40243 1800 219309
1 9 11 21856 1 3 43651 1800 257424
1 9 12 16416 2 3 32792 1800 176705
1 9 13 19392 2 3 38766 1800 218300
1 9 14 19168 2 3 38278 1800 202131
1 9 15 16736 2 3 33441 1800 179045
1 10 0 18592 1 2 37160 1800 211116
1 10 1 18592 1 2 37138 1800 209074
1 10 2 18656 1 2 37262 1800 220590
1 10 3 17280 1 2 34514 1800 193346
1 10 4 16864 1 2 33683 1800 187871
1 10 5 17280 1 2 34534 1800 195656
1 10 6 16384 1 2 32708 1800 190186
1 10 7 18048 1 2 36088 1800 218769
1 10 8 15200 1 2 30349 1800 174702
1 10 9 17664 1 2 35271 1800 194762
1 10 10 12640 1 2 25224 1800 147661
1 11 0 14528 2 3 29025 1800 157957
1 11 1 22752 1 3 45466 1800 252046
1 11 2 14048 2 3 28053 1800 151843
1 11 3 17280 1 3 34558 1800 178317
1 11 4 19392 1 3 38752 1800 204976
1 11 5 21120 1 3 42228 1800 228753
1 11 6 20096 1 3 40154 1800 216700
1 11 7 20736 1 3 41459 1800 218636
1 11 8 16608 1 3 33166 1800 174774
1 12 0 19104 1 2 38157 1800 227731
1 12 1 14016 2 2 28034 1800 172268
1 12 2 16256 2 2 32456 1800 204158
1 12 3 15264 2 2 30529 1800 185604
1 12 4 19616 1 2 39216 1800 237250
1 12 5 18656 2 2 37287 1800 225963
1 13 0 14240 2 2 28434 1800 173807
1 13 1 15232 2 2 30456 1800 176812
1 13 2 17216 2 2 34399 1800 198324
1 13 3 16064 2 2 32110 1800 193224
1 13 4 15520 2 2 30993 1800 180250
1 13 5 20480 1 2 40960 1800 253386
1 13 6 20480 1 2 40932 1800 256900
1 13 7 16384 2 2 32720 1800 195122
1 13 8 16640 2 2 33238 1800 195054
1 13 9 15648 2 2 31242 1800 192511
1 13 10 16960 1 2 33900 1800 201233
1 13 11 16480 1 2 32927 1800 252654
1 13 12 18304 1 2 36602 1800 244252
1 13 13 18144 1 2 36263 1800 226922
1 13 14 18816 1 2 37607 1800 245433
1 14 0 15200 2 2 30365 1800 177920
1 14 1 18560 2 2 37116 1800 223956
1 14 2 19232 2 2 38422 1800 245345
1 14 3 16736 3 2 33429 1800 204676
1 14 4 18336 2 2 36652 1800 230474
1 14 5 17952 2 2 35875 1800 217751
1 14 6 17088 2 2 34143 1800 199450
1 14 7 18560 2 2 37116 1800 219611
1 14 8 16000 2 2 31963 1800 189065
1 14 9 14880 2 2 29734 1800 166878
1 14 10 21952 1 2 43846 1800 252443
1 15 0 15264 2 2 30491 1800 198765
1 15 1 17568 2 2 35113 1800 226441
1 15 2 19072 2 2 38133 1800 248331
1 15 3 17856 2 2 35688 1800 229333
1 15 4 19296 2 2 38560 1800 243782
1 15 5 18080 2 2 36154 1800 228097
1 15 6 18112 2 2 36220 1800 220779
1 15 7 15680 2 2 31306 1800 188663
1 15 8 16416 2 2 32826 1800 208473
1 15 9 15264 2 2 30520 1800 185512
1 15 10 17056 3 2 34059 1800 209256
1 15 11 16640 2 2 33235 1800 220387
1 16 0 19872 1 3 39735 1800 214179
1 16 1 19936 1 3 39871 1800 203859
1 16 2 18976 1 3 37915 1800 191180
1 16 3 19840 1 3 39621 1800 207315
1 16 4 18336 1 3 36611 1800 184467
1 16 5 18752 1 3 37450 1800 193042
1 16 6 18816 1 3 37595 1800 192499
1 16 7 12992 1 2 25950 1800 199248
1 16 8 12736 1 2 25458 1800 194280
1 16 9 12576 1 2 25126 1800 191479
1 16 10 12736 1 2 25447 1800 194315
1 16 11 12704 1 2 25403 1800 194335
1 16 12 11968 1 2 23927 1800 180880
1 17 0 14208 2 2 28414 1800 169507
1 17 1 15904 2 2 31774 1800 192999
1 17 2 18080 2 2 36143 1800 229250
1 17 3 15488 2 2 30920 1800 190516
1 17 4 16032 2 2 32043 1800 198343
1 17 5 14080 2 2 28145 1800 172025
1 17 6 17600 1 2 35160 1800 225486
1 17 7 19680 1 2 39356 1800 241272
1 17 8 15424 2 2 30796 1800 182448
1 17 9 16096 2 2 32193 1800 188030
1 17 10 15520 2 2 31003 1800 180575
1 17 11 16416 1 2 32808 1800 204954
1 17 12 15104 1 2 30157 1800 194215
1 18 0 16096 1 2 32178 1800 189016
1 18 1 20320 1 2 40628 1800 248733
1 18 2 14496 2 2 28994 1800 173932
1 18 3 14944 2 2 29830 1800 171485
1 18 4 14336 2 2 28636 1800 180730
1 19 0 19232 1 2 38450 1800 235548
1 19 1 20096 1 2 40139 1800 252218
1 19 2 20768 1 2 41528 1800 259423
1 19 3 20000 1 2 39943 1800 243497
1 19 4 19360 1 2 38676 1800 235057
1 19 5 19456 1 2 38912 1800 239852
1 19 6 15456 1 2 30866 1800 189379
1 19 7 16608 1 2 33194 1800 201428
1 19 8 16064 1 2 32076 1800 198393
1 19 9 17472 1 2 34919 1800 221324
1 20 0 15968 2 2 31894 1800 185202
1 20 1 18976 2 2 37931 1800 214813
1 20 2 18528 2 2 37048 1800 224122
1 20 3 17088 2 2 34163 1800 186269
1 20 4 20288 2 2 40538 1800 244163
1 20 5 19488 2 2 38947 1800 221873
1 20 6 19232 1 2 38418 1800 213548
1 20 7 18016 2 2 36034 1800 198180
1 20 8 15872 2 2 31690 1800 174240
1 20 9 16064 2 2 32071 1800 169692
1 21 0 19328 1 3 38600 1800 214776
1 21 1 17632 2 3 35261 1800 208091
1 21 2 20832 2 3 41623 1800 249606
1 21 3 18592 2 3 37149 1800 217925
1 21 4 20384 1 3 40764 1800 249024
1 21 5 16928 2 3 33858 1800 165511
1 21 6 19712 2 3 39377 1800 227799
1 21 7 15456 1 3 30913 1800 170496
1 21 8 13280 1 2 26550 1800 240883
1 22 0 7008 1 2 14018 1800 76256
1 22 1 14496 1 2 28946 1800 171514
1 22 2 9536 1 2 19055 1800 107799
1 22 3 9088 1 2 18150 1800 100595
1 22 4 8064 1 2 16120 1800 87786
1 22 5 8640 1 2 17239 1800 97505
1 22 6 9088 1 2 18125 1800 105614
1 23 0 15776 2 3 31496 1800 178288
1 23 1 14560 2 3 29107 1800 163341
1 23 2 15712 2 3 31371 1800 177001
1 23 3 17024 2 3 34045 1800 197993
1 23 4 16768 2 3 33528 1800 188269
1 23 5 11200 1 3 22384 1800 123811
1 23 6 15232 1 3 30435 1800 165343
1 23 7 1824 1 2 3602 1800 21600
1 23 8 21536 1 3 43072 1800 248090
1 23 9 17696 2 3 35331 1800 202895
1 23 10 20096 2 3 40144 1800 252373
1 23 11 20512 3 3 40992 1800 247955
1 23 12 8928 1 2 17809 1800 133742
1 24 0 14720 1 2 29389 1800 158397
1 24 1 11616 1 2 23218 1800 130920
1 24 2 9184 1 2 18336 1800 102978
1 24 3 13536 1 2 27053 1800 143805
1 24 4 14752 1 2 29485 1800 162940
1 24 5 17024 1 2 34030 1800 192456
1 24 6 14176 1 2 28342 1800 164827
1 24 7 13600 1 2 27190 1800 147641
1 24 8 17568 1 2 35080 1800 189110
1 24 9 17984 1 2 35942 1800 204642
1 24 10 18752 2 2 37448 1800 216549
1 25 0 15808 2 3 31564 1800 173556
1 25 1 14656 2 3 29298 1800 154877
1 25 2 14528 2 3 29025 1800 153809
1 25 3 22432 1 3 44864 1800 249871
1 25 4 15904 2 3 31757 1800 159778
1 25 5 15552 2 3 31047 1800 158485
1 25 6 20768 1 3 41521 1800 238563
1 25 7 19872 1 3 39703 1800 225355
1 25 8 21376 1 3 42694 1800 233028
1 25 9 19360 2 3 38671 1800 189083
1 25 10 19552 1 3 39098 1800 213935
1 25 11 17088 1 3 34155 1800 176478
1 25 12 15872 2 3 31703 1800 175526
1 25 13 15712 2 3 31414 1800 173795
1 25 14 17856 1 3 35702 1800 193278
1 26 0 15200 2 3 30378 1800 151167
1 26 1 16960 2 3 33919 1800 169099
1 26 2 20064 1 3 40090 1800 206519
1 26 3 18432 1 3 36808 1800 186430
1 26 4 15520 2 3 30991 1800 153153
1 26 5 14816 2 3 29628 1800 153818
1 26 6 23104 1 3 46201 1800 250748
1 26 7 23520 1 3 47026 1800 250138
1 26 8 22400 1 3 44795 1800 235501
1 26 9 22624 1 3 45231 1800 240488
1 26 10 16512 2 3 32975 1800 166836
1 26 11 18432 2 3 36854 1800 191413
1 26 12 23584 1 3 47133 1800 241874
1 27 0 15040 2 3 30082 1800 159221
1 27 1 14880 2 3 29704 1800 169162
1 27 2 15584 2 3 31156 1800 181813
1 27 3 14784 2 3 29518 1800 168310
1 27 4 16288 2 3 32543 1800 185451
1 27 5 22816 1 3 45597 1800 253940
1 27 6 22016 1 3 43988 1800 228066
1 27 7 15168 2 3 30285 1800 160560
1 27 8 15712 2 3 31416 1800 183601
1 27 9 14816 2 3 29593 1800 168823
1 27 10 16320 2 3 32614 1800 185832
1 27 11 17376 2 3 34714 1800 214115
1 27 12 20800 1 3 41583 1800 221362
1 27 13 14496 1 2 28978 1800 150159
1 27 14 13728 1 2 27421 1800 153786
1 28 0 21920 1 3 43783 1800 231278
1 28 1 22624 1 3 45248 1800 252818
1 28 2 15936 2 3 31827 1800 175410
1 28 3 16256 2 3 32456 1800 184355
1 28 4 16096 2 3 32168 1800 182683
1 28 5 15072 2 3 30145 1800 166280
1 28 6 15232 2 3 30456 1800 169389
1 28 7 15008 2 3 29956 1800 165184
1 28 8 23712 1 3 47378 1800 257424
1 28 9 22080 1 3 44128 1800 232903
1 28 10 22720 1 3 45398 1800 249599
1 28 11 15136 2 3 30249 1800 167021
1 28 12 18240 1 3 36477 1800 199549
1 28 13 18336 1 2 36611 1800 232429
1 29 0 21504 1 2 43005 1800 246060
1 29 1 20864 1 2 41684 1800 245834
1 29 2 20416 1 2 40773 1800 238401
1 29 3 16032 2 2 32024 1800 179716
1 29 4 16352 2 2 32658 1800 179504
1 29 5 15008 2 2 30012 1800 173414
1 29 6 14944 2 2 29842 1800 176502
1 29 7 17440 2 2 34870 1800 188642
1 29 8 13152 1 2 26273 1800 141846
1 29 9 12672 1 2 25296 1800 137256
1 29 10 20288 1 2 40554 1800 249611
1 29 11 20896 1 2 41755 1800 253702
1 29 12 20736 2 2 41412 1800 241377
1 29 13 20448 1 2 40853 1800 256871
1 29 14 20512 1 2 40983 1800 260904
1 30 0 19360 1 3 38691 1800 196966
1 30 1 18080 1 3 36099 1800 187571
1 30 2 18976 1 3 37943 1800 197643
1 30 3 19072 1 3 38092 1800 194952
1 30 4 19360 1 3 38716 1800 199457
1 30 5 19104 1 3 38186 1800 198102
1 30 6 18112 1 2 36169 1800 235715
1 30 7 16960 1 3 33885 1800 169311
1 30 8 21056 1 3 42078 1800 213594
1 30 9 19168 1 3 38302 1800 187879
1 30 10 19136 1 3 38271 1800 190633
1 30 11 19968 1 3 39898 1800 204980
1 30 12 19776 1 3 39507 1800 207549
1 30 13 17504 1 3 34981 1800 175743
1 30 14 18080 1 2 36123 1800 235546
1 30 15 15040 2 2 30053 1800 212899
1 31 0 20672 1 2 41325 1800 236079
1 31 1 19904 1 2 39806 1800 223650
1 31 2 20000 1 2 40000 1800 234801
1 31 3 19552 1 2 39083 1800 226013
1 31 4 21664 1 2 43313 1800 253410
1 31 5 20448 1 2 40893 1800 238660
1 31 6 15456 2 2 30864 1800 173975
1 31 7 21120 1 2 42197 1800 261488
1 31 8 20448 1 2 40851 1800 232731
1 31 9 23840 1 2 47672 1800 256797
1 31 10 14592 2 2 29149 1800 200393
1 31 11 19232 1 2 38454 1800 209873
1 31 12 19552 2 2 39043 1800 231996
1 31 13 14560 1 2 29096 1800 176539
1 31 14 15104 2 2 30179 1800 176931
1 32 0 21472 1 3 42927 1800 234522
1 32 1 20416 1 3 40793 1800 226942
1 32 2 19872 1 3 39722 1800 226553
1 32 3 22240 1 3 44469 1800 241319
1 33 0 14624 2 3 29224 1800 152633
1 33 1 18944 1 3 37879 1800 199668
1 33 2 19552 1 3 39059 1800 206234
1 33 3 19744 1 3 39471 1800 216049
1 33 4 18432 1 3 36814 1800 198129
1 33 5 18592 1 3 37149 1800 194617
1 33 6 21760 1 3 43466 1800 230943
1 33 7 21280 1 3 42520 1800 222787
1 33 8 17888 1 3 35766 1800 191920
1 34 0 19616 1 3 39173 1800 202480
1 34 1 20064 1 3 40092 1800 210687
1 34 2 18976 1 3 37893 1800 196686
1 34 3 20448 1 3 40847 1800 214184
1 34 4 19488 1 3 38917 1800 199261
1 34 5 20224 1 3 40412 1800 210137
1 34 6 19936 1 3 39849 1800 208930
1 34 7 20000 1 3 39977 1800 204219
1 34 8 21056 1 3 42112 1800 223719
1 34 9 20352 1 3 40697 1800 211933
1 35 0 21696 1 2 43354 1800 241670
1 35 1 21440 1 2 42869 1800 236262
1 35 2 21888 1 2 43764 1800 245515
1 35 3 22816 1 2 45584 1800 260208
1 35 4 21568 1 2 43103 1800 246562
1 35 5 15776 2 2 31526 1800 176028
1 35 6 21152 1 2 42266 1800 250538
1 35 7 22240 1 2 44461 1800 247416
1 35 8 22592 1 2 45146 1800 254760
1 35 9 15040 2 2 30053 1800 212899
1 35 10 20928 2 2 41844 1800 241738
1 36 0 1824 1 2 3602 1800 21600
1 36 1 14112 2 2 28212 1800 160669
1 36 2 17248 1 2 34444 1800 192765
1 36 3 13472 1 2 26905 1800 217883
1 36 4 15488 1 2 30975 1800 196046
1 36 5 15008 2 2 29961 1800 172219
1 36 6 15744 2 2 31427 1800 196063
1 36 7 19904 1 2 39761 1800 241914
1 36 8 7904 1 2 15798 1800 109943
1 37 0 14944 2 2 29839 1800 169573
1 37 1 21920 1 2 43790 1800 256619
1 37 2 21088 1 2 42156 1800 249480
1 37 3 21408 1 2 42788 1800 253809
1 37 4 14752 2 2 29468 1800 165503
1 37 5 20096 1 2 40184 1800 229655
1 37 6 16064 2 2 32111 1800 189501
1 37 7 17312 1 2 34615 1800 197821
1 37 8 19456 1 2 38902 1800 221952
1 37 9 16448 1 2 32842 1800 188347
1 37 10 19392 1 2 38765 1800 226788
1 38 0 19168 2 2 38316 1800 198591
1 38 1 17856 2 2 35684 1800 185294
1 38 2 18944 2 2 37840 1800 201829
1 38 3 15680 1 2 31307 1800 178017
1 38 4 15616 2 2 31171 1800 165924
1 38 5 16224 2 2 32425 1800 170731
1 38 6 16800 2 2 33555 1800 179133
1 38 7 18656 2 2 37307 1800 200555
1 38 8 18656 2 2 37259 1800 197765
1 38 9 16320 2 2 32618 1800 173748
1 38 10 16544 2 2 33027 1800 174979
1 38 11 14976 2 2 29954 1800 161834
1 38 12 22528 1 2 44998 1800 261301
1 38 13 20480 1 2 40906 1800 235125
1 38 14 17120 2 2 34180 1800 183157
1 38 15 17952 2 2 35896 1800 191596
2 0 0 23040 1 3 46040 1800 248466
2 0 1 21184 1 3 42370 1800 221506
2 0 2 15776 2 3 31525 1800 166040
2 0 3 16448 2 3 32874 1800 178490
2 0 4 16512 2 3 33010 1800 176020
2 0 5 14336 2 3 28633 1800 150440
2 0 6 23776 1 3 47501 1800 257352
2 0 7 15392 2 3 30726 1800 160317
2 0 8 16480 2 3 32914 1800 170685
2 0 9 23264 1 3 46469 1800 253865
2 0 10 23008 1 3 45980 1800 242350
2 0 11 16064 2 3 32087 1800 169424
2 0 12 19968 2 3 39898 1800 215375
2 0 13 17440 2 3 34850 1800 185928
2 0 14 23552 1 3 47098 1800 257625
2 0 15 22048 1 3 44098 1800 233009
2 1 0 15744 2 2 31433 1800 174996
2 1 1 18880 2 2 37723 1800 216380
2 1 2 16992 2 2 33929 1800 191162
2 1 3 19264 2 2 38511 1800 216866
2 1 4 15584 2 2 31125 1800 174387
2 1 5 13280 1 2 26550 1800 240883
2 2 0 16960 2 2 33891 1800 185822
2 2 1 20352 1 2 40663 1800 235607
2 2 2 14816 2 2 29591 1800 165527
2 2 3 21632 1 2 43239 1800 255604
2 2 4 15552 2 2 31082 1800 173089
2 2 5 21664 1 2 43302 1800 258082
2 2 6 15104 2 2 30158 1800 168357
2 3 0 21664 2 2 43290 1800 239961
2 3 1 22624 2 2 45189 1800 257496
2 3 2 20928 2 2 41816 1800 233930
2 3 3 18752 2 2 37447 1800 210279
2 3 4 17312 2 2 34586 1800 192473
2 3 5 19072 2 2 38097 1800 216590
2 3 6 17728 2 2 35427 1800 202145
2 3 7 21632 2 2 43263 1800 246649
2 3 8 19936 2 2 39852 1800 222317
2 3 9 21472 1 2 42887 1800 244467
2 3 10 18528 2 2 37017 1800 201269
2 3 11 21632 2 2 43260 1800 241676
2 3 12 19840 2 2 39623 1800 218255
2 3 13 20416 2 2 40796 1800 222325
2 3 14 18752 2 2 37460 1800 210346
2 3 15 21024 2 2 42037 1800 231744
2 4 0 20256 1 2 40454 1800 231710
2 4 1 18176 2 2 36329 1800 202591
2 4 2 18400 2 2 36743 1800 208802
2 4 3 16128 2 2 32235 1800 176853
2 4 4 17280 2 2 34518 1800 184517
2 4 5 17696 2 2 35359 1800 191613
2 4 6 15584 2 2 31140 1800 170101
2 4 7 16160 2 2 32273 1800 176391
2 4 8 20928 1 2 41841 1800 238990
2 4 9 19744 1 2 39487 1800 225229
2 4 10 21728 1 2 43421 1800 244565
2 4 11 17216 1 2 34383 1800 195246
2 4 12 21696 1 2 43387 1800 247952
2 4 13 18048 2 2 36079 1800 205341
2 4 14 16544 1 2 33080 1800 216155
2 4 15 18272 2 2 36499 1800 203756
2 5 0 18944 3 2 37847 1800 205589
2 5 1 20992 2 2 41966 1800 245043
2 5 2 20128 2 2 40250 1800 234003
2 5 3 19648 2 2 39238 1800 227393
2 5 4 17888 2 2 35736 1800 205422
2 5 5 19200 2 2 38365 1800 212704
2 5 6 20576 2 2 41116 1800 237841
2 5 7 20320 2 2 40588 1800 232265
2 5 8 20672 2 2 41323 1800 236647
2 5 9 19712 1 2 39396 1800 218217
2 5 10 20544 1 2 41061 1800 229267
2 5 11 20128 2 2 40255 1800 220757
2 5 12 21120 2 2 42185 1800 230148
2 5 13 19488 2 2 38916 1800 216378
2 5 14 17088 2 2 34163 1800 184942
2 5 15 18816 2 2 37571 1800 229121
2 6 0 23552 1 2 47050 1800 261268
2 6 1 21984 1 2 43930 1800 261921
2 6 2 21920 1 2 43834 1800 258073
2 6 3 20736 1 2 41414 1800 233292
2 6 4 21472 1 2 42940 1800 252769
2 6 5 15616 2 2 31220 1800 173383
2 6 6 16608 2 2 33214 1800 189745
2 6 7 14592 2 2 29156 1800 183513
2 6 8 17056 2 2 34097 1800 221145
2 6 9 17088 2 2 34143 1800 221434
2 6 10 16608 2 2 33213 1800 189615
2 6 11 15584 2 2 31151 1800 173151
2 6 12 16224 2 2 32404 1800 166527
2 7 0 17216 2 2 34389 1800 183874
2 7 1 16640 1 2 33233 1800 255938
2 7 2 17184 2 2 34348 1800 183561
2 7 3 19072 2 2 38106 1800 208192
2 7 4 16640 2 3 33261 1800 164937
2 7 5 15744 2 3 31451 1800 153905
2 7 6 15296 2 3 30548 1800 151190
2 7 7 15840 2 3 31680 1800 156435
2 7 8 16416 2 3 32782 1800 159768
2 7 9 20032 1 3 40004 1800 203508
2 7 10 22400 1 3 44797 1800 233721
2 7 11 21888 1 3 43766 1800 223713
2 7 12 21184 1 3 42315 1800 230175
2 8 0 20000 2 2 39994 1800 223263
2 8 1 17120 2 2 34180 1800 188732
2 8 2 22560 2 2 45105 1800 258415
2 8 3 21888 2 2 43740 1800 249057
2 8 4 19104 2 2 38176 1800 206536
2 8 5 17376 2 2 34723 1800 188407
2 8 6 16096 2 2 32150 1800 168781
2 8 7 20096 2 2 40135 1800 219285
2 8 8 24224 1 2 48399 1800 250222
2 8 9 15744 2 2 31482 1800 204152
2 9 0 16352 2 2 32674 1800 168536
2 9 1 15808 2 2 31575 1800 162203
2 9 2 16384 2 2 32754 1800 170672
2 9 3 16384 2 2 32741 1800 171369
2 9 4 16224 2 2 32391 1800 166356
2 9 5 16640 2 2 33256 1800 171393
2 9 6 15616 2 2 31176 1800 161790
2 9 7 15744 2 2 31446 1800 163088
2 9 8 23936 1 2 47865 1800 251514
2 9 9 24256 1 2 48458 1800 250463
2 9 10 24320 1 2 48641 1800 255307
2 9 11 24320 1 2 48627 1800 261382
2 9 12 16608 2 2 33195 1800 174767
2 10 0 16320 2 2 32636 1800 178202
2 10 1 22016 1 2 43989 1800 259007
2 10 2 21952 1 2 43899 1800 252931
2 10 3 19616 2 2 39219 1800 211072
2 10 4 20736 2 2 41447 1800 226749
2 10 5 18496 2 2 36976 1800 200939
2 10 6 16000 2 2 31967 1800 171931
2 10 7 16000 2 2 31976 1800 168277
2 10 8 18368 2 2 36726 1800 194893
2 10 9 18272 2 2 36509 1800 196741
2 10 10 20928 2 2 41850 1800 225633
2 10 11 21888 1 2 43737 1800 253716
2 10 12 22528 1 2 45029 1800 257955
2 10 13 16064 2 2 32080 1800 170525
2 10 14 17216 2 2 34428 1800 184371
2 10 15 14848 2 2 29690 1800 164307
2 11 0 23040 1 3 46040 1800 248466
2 11 1 21184 1 3 42370 1800 221506
2 11 2 15776 2 3 31525 1800 166040
2 11 3 16448 2 3 32874 1800 178490
2 11 4 16512 2 3 33010 1800 176020
2 11 5 23776 1 3 47501 1800 257352
2 11 6 15392 2 3 30726 1800 160317
2 11 7 17056 2 3 34074 1800 178495
2 11 8 23264 1 3 46469 1800 253865
2 11 9 23008 1 3 45980 1800 242350
2 11 10 23552 1 3 47098 1800 257625
2 11 11 23392 1 3 46767 1800 253528
2 11 12 15552 2 3 31045 1800 156105
2 11 13 17088 2 3 34119 1800 173387
2 11 14 19008 2 3 37997 1800 199574
2 11 15 20736 1 3 41435 1800 218863
3 0 0 21824 3 3 43599 1800 230977
3 0 1 20768 3 3 41507 1800 230756
3 0 2 20096 2 3 40174 1800 225133
3 0 3 17184 2 3 34309 1800 191190
3 1 0 20096 2 3 40174 1800 219776
3 1 1 20640 2 3 41260 1800 227648
3 1 2 20960 2 3 41903 1800 218559
3 1 3 22400 2 3 44787 1800 255271
3 1 4 18592 3 3 37150 1800 211798
3 1 5 18720 2 3 37428 1800 209424
3 1 6 16832 2 3 33617 1800 178668
3 1 7 22272 1 3 44484 1800 251385
3 1 8 14432 2 3 28823 1800 157646
3 1 9 15392 2 3 30773 1800 165294
3 2 0 20000 2 2 39981 1800 245706
3 2 1 18112 2 3 36201 1800 208748
3 2 2 16448 2 3 32878 1800 184021
3 2 3 16096 2 3 32152 1800 175492
3 2 4 20640 1 3 41254 1800 220591
3 2 5 16928 1 2 33855 1800 261121
3 2 6 20480 1 3 40916 1800 235158
3 2 7 16192 2 2 32386 1800 185980
3 2 8 21184 1 3 42357 1800 253215
3 3 0 15776 2 3 31548 1800 170662
3 3 1 16416 2 3 32797 1800 177842
3 4 0 17600 2 3 35147 1800 193464
3 4 1 18464 2 3 36867 1800 210017
3 4 2 17376 2 3 34746 1800 199650
3 4 3 17056 2 3 34096 1800 203821
3 4 4 13760 2 3 27517 1800 162609
3 4 5 15584 2 3 31156 1800 187504
3 4 6 14752 2 3 29503 1800 171021
3 4 7 16096 2 3 32162 1800 188206
3 4 8 13824 2 3 27624 1800 155099
3 4 9 21408 1 3 42798 1800 252565
3 4 10 23360 1 3 46663 1800 257579
3 4 11 14560 2 3 29060 1800 157318
3 4 12 15200 2 3 30353 1800 176476
3 4 13 18400 2 3 36766 1800 220566
3 5 0 22080 1 3 44108 1800 250726
3 5 1 21664 1 3 43286 1800 247113
3 5 2 15424 2 2 30792 1800 179747
3 5 3 17152 2 2 34278 1800 204535
3 5 4 16320 2 2 32603 1800 190811
3 5 5 21824 1 3 43618 1800 254393
3 5 6 14848 2 3 29645 1800 160884
3 5 7 20832 1 3 41647 1800 245790
3 5 8 21248 1 3 42460 1800 253852
3 5 9 15712 2 3 31426 1800 182890
3 5 10 19872 2 3 39694 1800 241831
3 5 11 14976 2 3 29898 1800 171518
3 5 12 15200 1 2 30339 1800 249918
3 5 13 15712 2 3 31423 1800 176035
3 5 14 21216 1 3 42409 1800 245238
3 5 15 17056 2 2 34107 1800 235042
3 6 0 19936 2 3 39843 1800 206595
3 6 1 17536 2 3 35048 1800 182902
3 6 2 15360 2 3 30660 1800 157353
3 6 3 15904 2 3 31782 1800 162222
3 6 4 17728 2 3 35396 1800 179808
3 6 5 22720 1 3 45407 1800 242540
3 6 6 22400 1 3 44794 1800 245766
3 7 0 19520 1 3 39025 1800 224532
3 7 1 20224 1 3 40399 1800 211970
3 7 2 15040 2 3 30055 1800 157929
3 7 3 19776 1 3 39534 1800 206794
3 7 4 21632 1 3 43226 1800 239302
3 7 5 19904 1 3 39797 1800 217634
3 7 6 21152 1 3 42292 1800 237680
3 7 7 20352 1 3 40666 1800 222135
3 7 8 21120 1 3 42240 1800 236936
3 7 9 21856 1 3 43658 1800 247860
3 7 10 20192 1 3 40328 1800 219400
3 7 11 19680 1 3 39360 1800 218177
3 7 12 21984 1 3 43953 1800 241367
3 8 0 19520 2 3 39002 1800 227123
3 8 1 21632 1 3 43257 1800 254144
3 8 2 18304 2 3 36604 1800 215252
3 8 3 18176 1 3 36349 1800 207127
3 9 0 14336 2 3 28652 1800 152395
3 9 1 22592 1 3 45164 1800 257212
3 9 2 16192 2 3 32324 1800 177230
3 9 3 15456 2 3 30895 1800 167541
3 9 4 19488 1 3 38923 1800 224690
3 9 5 20960 1 3 41912 1800 232225
3 9 6 22944 1 3 45840 1800 252166
3 9 7 23392 1 3 46735 1800 255723
3 9 8 18432 1 3 36805 1800 188045
3 9 9 17888 1 3 35773 1800 185863
3 9 10 20320 1 3 40595 1800 217572
3 9 11 19808 1 3 39611 1800 211072
3 9 12 14688 1 3 29367 1800 152987
3 9 13 14816 1 3 29588 1800 145523
3 9 14 22560 1 3 45102 1800 246442
3 9 15 20576 1 3 41146 1800 228085
3 10 0 15744 2 3 31434 1800 181393
3 10 1 16352 2 3 32668 1800 184376
3 10 2 15456 2 3 30896 1800 172716
3 10 3 18592 2 3 37132 1800 221748
3 10 4 17440 2 3 34833 1800 199279
3 10 5 15872 2 3 31707 1800 176111
3 10 6 13280 1 2 26550 1800 240883
3 11 0 18656 1 2 37292 1800 211440
3 11 1 19840 1 2 39627 1800 227245
3 11 2 18880 1 2 37758 1800 210588
3 11 3 16768 1 2 33517 1800 188162
3 11 4 19456 1 2 38895 1800 213713
3 11 5 20256 1 2 40485 1800 219900
3 11 6 18240 1 2 36438 1800 224756
3 11 7 13280 1 2 26550 1800 240883
3 12 0 20192 1 3 40370 1800 224740
3 12 1 17152 1 3 34247 1800 186341
3 12 2 19904 1 3 39754 1800 225736
3 12 3 17344 1 3 34652 1800 186452
3 12 4 17536 1 3 35023 1800 190414
3 12 5 18304 1 3 36595 1800 204601
3 12 6 21024 1 3 41988 1800 231243
3 12 7 16768 1 3 33490 1800 179017
3 12 8 17184 1 3 34339 1800 183871
3 12 9 16448 1 3 32861 1800 165953
3 12 10 15168 1 3 30309 1800 157383
3 12 11 17152 1 3 34265 1800 186695
3 12 12 19328 1 3 38614 1800 214263
3 12 13 19936 1 3 39834 1800 212553
3 12 14 17888 1 3 35764 1800 202801
3 13 0 20000 2 2 39981 1800 245706
3 13 1 18112 2 3 36184 1800 208811
3 13 2 16544 2 3 33084 1800 185140
3 13 3 16096 2 3 32165 1800 175553
3 13 4 20640 1 3 41255 1800 220592
3 13 5 16928 1 2 33855 1800 261121
3 13 6 11456 1 3 22862 1800 109313
3 13 7 20608 1 3 41195 1800 232132
3 13 8 17184 1 3 34328 1800 187258
3 13 9 20128 1 3 40200 1800 229530
3 13 10 17344 1 3 34652 1800 186452
3 13 11 17536 1 3 35023 1800 190414
3 13 12 18400 1 3 36775 1800 206353
3 13 13 20992 1 3 41985 1800 231235
3 13 14 16768 1 3 33490 1800 179017
3 13 15 16192 2 2 32386 1800 185980
3 14 0 19424 1 3 38838 1800 212285
3 14 1 16032 2 3 32039 1800 183440
3 14 2 14464 1 2 28895 1800 242032
3 14 3 14304 2 2 28577 1800 190480
3 14 4 14432 2 2 28807 1800 193492
3 14 5 16192 2 3 32337 1800 184493
3 14 6 17792 1 3 35531 1800 196986
3 14 7 20128 1 3 40251 1800 224238
3 14 8 22176 1 3 44314 1800 241370
3 14 9 20640 1 3 41273 1800 242822
4 0 0 15232 2 3 30465 1800 171941
4 0 1 15776 2 3 31531 1800 175729
4 0 2 22336 1 3 44669 1800 251712
4 0 3 14624 2 3 29238 1800 161797
4 0 4 16960 2 3 33865 1800 183880
4 0 5 19904 1 3 39800 1800 225585
4 0 6 22368 1 3 44699 1800 247867
4 0 7 14624 2 3 29210 1800 157765
4 1 0 14848 2 3 29636 1800 172194
4 1 1 15424 2 3 30835 1800 179736
4 1 2 17248 2 3 34479 1800 216460
4 1 3 18464 1 3 36882 1800 211721
4 1 4 14496 1 3 28968 1800 191907
4 1 5 13280 1 2 26550 1800 240883
4 2 0 18208 3 2 36365 1800 200705
4 2 1 21152 2 2 42246 1800 235878
4 2 2 19808 2 2 39560 1800 221206
4 2 3 17696 3 2 35394 1800 224238
4 2 4 16448 2 2 32883 1800 212530
4 2 5 17248 2 2 34452 1800 222008
4 2 6 17248 2 2 34465 1800 222167
4 2 7 17280 2 2 34499 1800 222119
4 2 8 17216 2 2 34381 1800 221699
4 3 0 18752 4 3 37451 1800 208983
4 3 1 19424 4 3 38795 1800 215622
4 3 2 20928 3 3 41823 1800 241558
4 3 3 20160 2 3 40299 1800 217162
4 3 4 19712 2 3 39387 1800 211260
4 3 5 20864 2 3 41670 1800 230009
4 4 0 16256 2 3 32454 1800 197464
4 4 1 16480 2 3 32930 1800 202137
4 4 2 17088 2 3 34157 1800 210423
4 4 3 15744 2 3 31459 1800 190456
4 4 4 16768 2 3 33482 1800 205451
4 4 5 16640 2 3 33232 1800 207030
4 4 6 20320 1 3 40606 1800 256012
4 4 7 14496 2 3 28940 1800 174241
4 4 8 15712 2 3 31426 1800 187934
4 4 9 14944 2 3 29839 1800 176190
4 4 10 16352 2 3 32664 1800 201702
4 4 11 16896 2 3 33771 1800 205817
4 4 12 17952 2 3 35850 1800 205163
4 5 0 17792 2 2 35576 1800 210953
4 5 1 17888 2 2 35762 1800 212217
4 5 2 16736 2 2 33440 1800 202134
4 5 3 17440 2 2 34854 1800 209688
4 5 4 20992 3 2 41948 1800 242743
4 5 5 17984 3 2 35945 1800 210953
4 5 6 17696 2 2 35339 1800 209450
4 5 7 18368 2 2 36692 1800 218819
4 5 8 21248 2 2 42491 1800 248360
4 5 9 18720 2 2 37437 1800 221185
4 5 10 17408 2 2 34776 1800 205083
4 5 11 18720 2 2 37391 1800 218258
4 5 12 19488 2 2 38947 1800 232165
4 5 13 17792 2 2 35535 1800 212433
4 5 14 17632 2 2 35238 1800 212484
4 7 0 19616 3 2 39177 1800 237970
4 7 1 18720 3 2 37398 1800 222137
4 7 2 21728 2 2 43441 1800 254023
4 7 3 18848 3 2 37681 1800 218306
4 7 4 21344 4 2 42684 1800 251812
4 7 5 18336 3 2 36625 1800 216688
4 7 6 17472 3 2 34908 1800 200296
4 7 7 20704 2 2 41354 1800 238874
4 7 8 20608 3 2 41183 1800 242688
4 7 9 20416 3 2 40773 1800 234218
4 7 10 19936 2 2 39843 1800 228635
4 7 11 21088 3 2 42135 1800 248766
4 7 12 19904 4 2 39795 1800 227499
4 7 13 16128 2 2 32248 1800 175738
4 8 0 13856 2 3 27683 1800 167754
4 8 1 15776 2 3 31526 1800 195043
4 8 2 18240 2 3 36464 1800 236238
4 8 3 15712 2 3 31397 1800 199547
4 8 4 15136 2 3 30242 1800 187850
4 8 5 18176 2 3 36340 1800 232217
4 8 6 16256 2 3 32470 1800 196810
4 8 7 16352 2 3 32695 1800 204021
4 8 8 16224 2 3 32414 1800 182026
4 9 0 20416 2 3 40802 1800 230274
4 9 1 19040 2 3 38073 1800 222330
4 9 2 18848 3 3 37661 1800 213784
4 9 3 17696 3 3 35369 1800 198838
4 9 4 18144 4 3 36267 1800 209395
4 9 5 17312 3 2 34616 1800 231271
4 9 6 19648 2 3 39271 1800 228756
4 10 0 19968 1 3 39909 1800 248295
4 10 1 14240 2 3 28470 1800 170979
4 10 2 20000 1 3 39974 1800 256668
4 10 3 18880 1 3 37729 1800 236523
4 10 4 17728 1 3 35427 1800 225599
4 10 5 19552 1 3 39086 1800 246247
4 10 6 14016 1 3 28006 1800 174646
4 10 7 12832 1 3 25610 1800 134119
4 11 0 17696 3 3 35356 1800 207946
4 11 1 18976 3 3 37940 1800 221825
4 11 2 18816 3 3 37626 1800 220662
4 11 3 20448 3 3 40844 1800 243270
4 11 4 20160 3 3 40320 1800 242153
5 0 0 14848 2 2 29677 1800 180429
5 0 1 16768 2 2 33507 1800 210667
5 0 2 18912 2 2 37794 1800 222226
5 0 3 15712 2 2 31410 1800 174654
5 0 4 18912 2 2 37810 1800 216389
5 0 5 17728 2 2 35425 1800 204468
5 0 6 18944 2 2 37871 1800 219890
5 0 7 15296 2 2 30587 1800 182457
5 0 8 21024 1 2 42038 1800 243522
5 1 0 18752 1 3 37464 1800 231198
5 1 1 16224 2 3 32433 1800 195537
5 1 2 19104 2 3 38153 1800 245287
5 1 3 14304 2 3 28552 1800 168687
5 1 4 13280 1 2 26550 1800 240883
5 2 0 15968 2 3 31908 1800 195149
5 2 1 16256 2 3 32475 1800 198233
5 2 2 14752 2 3 29502 1800 176483
5 2 3 20128 1 3 40234 1800 254073
5 2 4 20288 1 3 40561 1800 248421
5 2 5 15200 2 3 30364 1800 177955
5 2 6 13856 2 3 27663 1800 157919
5 2 7 14560 2 3 29113 1800 168380
5 2 8 19776 1 3 39532 1800 232210
5 2 9 15232 2 3 30441 1800 180782
5 2 10 17216 2 3 34382 1800 203891
5 2 11 18816 2 3 37573 1800 226798
5 2 12 19776 1 3 39524 1800 236153
5 3 0 14240 2 3 28467 1800 163671
5 3 1 15200 2 3 30379 1800 185274
5 3 2 20416 1 3 40817 1800 249397
5 3 3 19136 1 3 38251 1800 219381
5 3 4 19136 1 3 38269 1800 219235
5 3 5 21536 1 3 43063 1800 254534
5 3 6 16608 1 2 33200 1800 242113
5 3 7 11104 1 3 22154 1800 154673
5 3 8 17312 2 3 34589 1800 201428
5 3 9 17888 1 3 35717 1800 236436
5 3 10 14240 2 3 28429 1800 154558
5 3 11 18912 2 2 37794 1800 222226
5 4 0 20096 1 3 40156 1800 242996
5 4 1 19744 1 3 39433 1800 245908
5 4 2 13920 2 3 27825 1800 165787
5 4 3 14336 2 3 28664 1800 172631
5 4 4 20064 1 3 40068 1800 252055
5 4 5 18944 1 3 37829 1800 221403
5 4 6 14528 2 3 29038 1800 174512
5 5 0 14976 2 3 29894 1800 185543
5 5 1 16416 2 3 32802 1800 201840
5 5 2 16256 2 3 32458 1800 204395
5 5 3 16672 2 3 33329 1800 207532
5 5 4 17504 1 2 34969 1800 256305
5 5 5 21760 2 3 43478 1800 243663
5 5 6 16640 2 3 33250 1800 200913
5 5 7 15296 2 3 30556 1800 188208
5 5 8 15744 2 3 31472 1800 196507
5 5 9 21760 2 3 43478 1800 243663
5 6 0 20128 1 3 40225 1800 239766
5 6 1 17984 1 3 35950 1800 210901
5 6 2 16672 1 3 33322 1800 194899
5 6 3 18720 1 3 37427 1800 226558
5 6 4 13696 1 3 27357 1800 153028
5 6 5 19968 2 3 39897 1800 240715
5 6 6 19776 2 3 39502 1800 238636
5 6 7 16032 2 3 32015 1800 187661
5 6 8 17216 3 3 34371 1800 196277
5 6 9 18080 2 3 36117 1800 217272
5 6 10 20672 1 3 41327 1800 252725
5 6 11 14944 2 3 29877 1800 186193
5 6 12 17184 3 3 34338 1800 205446
5 7 0 19616 1 3 39227 1800 235230
5 7 1 21088 1 3 42153 1800 251958
5 7 2 14400 2 3 28789 1800 169519
5 7 3 18944 1 3 37877 1800 224238
5 7 4 16032 2 3 32062 1800 196036
5 7 5 14656 2 3 29300 1800 174070
5 7 6 16832 2 3 33656 1800 212660
5 7 7 15296 2 3 30589 1800 187172
5 7 8 19552 1 3 39082 1800 229605
5 7 9 17216 2 3 34406 1800 219287
5 8 0 20032 2 3 40056 1800 232079
5 8 1 20096 2 3 40185 1800 231761
5 8 2 18048 2 3 36044 1800 201385
5 8 3 18528 2 3 37018 1800 210920
5 8 4 21312 2 3 42572 1800 252282
5 8 5 17216 3 3 34407 1800 204291
5 9 0 16672 2 3 33285 1800 190980
5 9 1 18400 2 3 36784 1800 218063
5 9 2 16160 2 3 32300 1800 184897
5 9 3 16096 2 3 32158 1800 185336
5 9 4 19072 1 3 38124 1800 231715
5 9 5 15488 2 3 30947 1800 177999
5 9 6 17344 2 3 34632 1800 207914
5 9 7 17280 2 3 34551 1800 205171
5 9 8 14400 2 3 28771 1800 163431
5 9 9 17632 1 2 35234 1800 254279
5 9 10 16064 2 3 32119 1800 188309
5 9 11 16512 2 3 33019 1800 190410
5 9 12 21024 3 2 41999 1800 224088
5 9 13 21024 2 3 42034 1800 249442
5 9 14 14720 2 3 29381 1800 168657
5 9 15 20064 2 3 40084 1800 239418
5 10 0 16928 1 3 33834 1800 193859
5 10 1 19808 1 3 39618 1800 248051
5 10 2 19936 1 3 39817 1800 249018
5 10 3 22944 1 3 45850 1800 255319
5 10 4 14208 2 3 28417 1800 158539
5 10 5 14816 2 3 29614 1800 169573
5 10 6 20736 1 3 41438 1800 248121
5 10 7 13568 2 3 27077 1800 158846
5 10 8 14368 2 3 28675 1800 166973
5 10 9 16096 2 3 32188 1800 181845
5 10 10 15104 2 3 30204 1800 184378
5 10 11 14496 2 3 28949 1800 174531
5 10 12 16288 2 3 32523 1800 186602
5 10 13 14944 2 3 29871 1800 175029
5 10 14 21408 1 3 42768 1800 253500
5 11 0 16256 2 3 32451 1800 189401
5 11 1 14304 2 3 28605 1800 161032
5 11 2 14048 2 3 28046 1800 158332
5 11 3 20992 1 3 41963 1800 252009
5 11 4 15904 2 3 31796 1800 182936
5 11 5 14048 2 3 28044 1800 171133
5 11 6 16992 2 3 33954 1800 187506
5 11 7 14528 2 3 29050 1800 184090
5 11 8 16064 2 3 32094 1800 196242
5 11 9 21344 1 3 42669 1800 233448
5 11 10 16384 2 3 32730 1800 180010
5 11 11 17408 1 3 34813 1800 199304
5 12 0 20608 1 3 41190 1800 241760
5 12 1 14432 2 3 28809 1800 158954
5 12 2 19776 2 3 39534 1800 233926
5 12 3 18080 2 3 36099 1800 207146
5 12 4 17952 2 3 35905 1800 209268
5 12 5 18176 2 3 36327 1800 210739
5 12 6 20032 2 3 40040 1800 232274
5 13 0 17376 1 3 34709 1800 201651
5 13 1 17824 2 3 35596 1800 217065
5 13 2 14656 2 3 29269 1800 176486
5 13 3 15872 1 3 31744 1800 187470
5 13 4 14400 2 3 28795 1800 173162
5 13 5 16736 1 3 33461 1800 198865
5 13 6 15040 2 3 30026 1800 176339
5 13 7 16896 3 2 33774 1800 209884
5 13 8 17600 3 2 35161 1800 221263
5 13 9 16512 2 3 32968 1800 199482
5 13 10 20256 2 3 40479 1800 249829
5 13 11 19776 2 3 39543 1800 251802
5 13 12 20032 2 2 40030 1800 251522
5 13 13 15584 2 2 31124 1800 192545
5 13 14 18464 1 3 36871 1800 221883
5 13 15 17472 1 3 34921 1800 212695
5 14 0 19040 2 3 38081 1800 210191
5 14 1 16832 2 3 33666 1800 189156
5 14 2 17760 2 3 35505 1800 192151
5 14 3 20544 2 3 41074 1800 234234
5 14 4 21504 2 3 42950 1800 237838
5 14 5 21184 2 3 42326 1800 237009
5 14 6 18400 2 2 36778 1800 203401
5 14 7 14368 1 2 28683 1800 225423
5 14 8 17952 2 3 35904 1800 202964
5 14 9 14112 1 2 28172 1800 217024
5 15 0 19488 2 3 38959 1800 214551
5 15 1 18912 2 3 37799 1800 214803
5 15 2 19552 2 3 39066 1800 215323
5 15 3 19040 2 3 38033 1800 202844
5 15 4 15904 2 3 31782 1800 170031
5 15 5 19968 2 3 39923 1800 214208
5 15 6 17376 2 3 34746 1800 187416
5 15 7 17216 2 3 34407 1800 185786
5 15 8 16672 1 2 33297 1800 260795
5 15 9 16896 2 3 33769 1800 177972
5 15 10 16736 1 3 33466 1800 184846
5 16 0 14848 2 3 29694 1800 162054
5 16 1 15840 2 3 31649 1800 179784
5 16 2 16224 2 3 32419 1800 188035
5 16 3 16512 2 3 32968 1800 191032
5 16 4 16032 2 3 32056 1800 184163
5 16 5 18144 2 3 36272 1800 215144
5 16 6 15680 2 3 31330 1800 178765
5 16 7 16128 2 3 32223 1800 188326
5 16 8 15776 2 3 31549 1800 178584
5 16 9 16352 2 3 32659 1800 187551
5 17 0 18368 1 3 36709 1800 195723
5 17 1 18496 1 3 36964 1800 203648
5 17 2 17408 1 3 34755 1800 186863
5 17 3 15104 1 3 30164 1800 165315
5 17 4 14336 1 3 28643 1800 156779
5 17 5 15040 1 3 30078 1800 164288
5 17 6 14336 2 2 28629 1800 184294
5 18 0 15424 1 3 30792 1800 160221
5 18 1 16480 1 3 32932 1800 175278
5 18 2 16320 1 3 32620 1800 177091
5 18 3 16960 1 3 33901 1800 179118
5 18 4 14272 1 3 28508 1800 149059
5 18 5 14336 1 3 28672 1800 151661
5 18 6 13600 1 3 27153 1800 148354
5 19 0 21120 1 2 42219 1800 247526
5 19 1 12640 2 2 25229 1800 150104
5 19 2 16576 2 2 33118 1800 186807
5 19 3 20224 1 2 40412 1800 235448
5 19 4 18560 2 2 37073 1800 213466
5 19 5 16544 2 2 33083 1800 188734
5 19 6 19232 2 2 38464 1800 227558
5 19 7 17408 2 2 34818 1800 203147
5 19 8 20576 1 2 41096 1800 238479
5 19 9 19584 2 2 39152 1800 232819
5 20 0 13792 2 3 27547 1800 162308
5 20 1 13984 2 3 27939 1800 172151
5 20 2 19936 1 3 39825 1800 245173
5 20 3 21120 1 3 42206 1800 230324
5 20 4 16384 2 3 32707 1800 182423
5 20 5 15840 2 3 31624 1800 186147
5 20 6 14592 2 3 29186 1800 173588
5 20 7 15488 2 3 30963 1800 186540
5 20 8 18496 2 3 36972 1800 226152
5 20 9 15456 2 3 30869 1800 173857
5 20 10 18912 2 3 37785 1800 234386
5 20 11 16544 3 3 33073 1800 201433
5 20 12 20928 1 3 41844 1800 244333
5 20 13 20128 1 3 40198 1800 231360
6 0 0 19040 2 3 38025 1800 221815
6 0 1 20704 2 3 41395 1800 245430
6 0 2 14560 2 3 29117 1800 165496
6 0 3 16512 2 3 33026 1800 186356
6 0 4 16320 2 3 32589 1800 185506
6 0 5 19360 2 3 38712 1800 224269
6 0 6 16960 2 3 33862 1800 191009
6 0 7 21696 2 3 43354 1800 257888
6 0 8 20224 2 3 40442 1800 235827
6 0 9 19360 2 3 38718 1800 225536
6 0 10 17280 3 3 34499 1800 197275
6 0 11 21312 2 3 42573 1800 250988
6 0 12 16384 2 3 32738 1800 185101
6 0 13 15840 2 3 31632 1800 180894
6 0 14 22240 1 3 44449 1800 244279
6 0 15 22880 1 3 45760 1800 255142
6 1 0 18304 2 3 36567 1800 213955
6 1 1 20544 2 3 41077 1800 238246
6 1 2 18880 2 3 37731 1800 222318
6 1 3 18944 3 3 37888 1800 215662
6 1 4 18208 3 3 36361 1800 202507
6 1 5 18176 3 3 36294 1800 203456
6 1 6 17344 2 3 34690 1800 197829
6 1 7 21216 2 3 42393 1800 248987
6 1 8 17760 2 3 35503 1800 200718
6 1 9 19424 2 3 38836 1800 223189
6 1 10 18752 2 3 37444 1800 225118
6 1 11 18112 2 3 36208 1800 212650
6 1 12 18080 2 3 36105 1800 211123
6 1 13 18240 2 3 36463 1800 210522
6 2 0 19328 1 2 38612 1800 242907
6 2 1 19392 1 2 38755 1800 238230
6 2 2 19840 1 2 39636 1800 241300
6 2 3 17088 1 2 34161 1800 204946
6 2 4 20128 1 2 40249 1800 248890
6 2 5 17248 1 2 34459 1800 212622
6 2 6 14432 2 2 28828 1800 172978
6 2 7 20064 1 2 40126 1800 251241
6 2 8 13280 1 2 26550 1800 240883
6 3 0 19264 3 3 38517 1800 215544
6 3 1 17696 3 3 35368 1800 195964
6 3 2 18528 3 3 37051 1800 210161
6 3 3 19328 3 3 38607 1800 221359
6 3 4 18688 2 3 37326 1800 217195
6 3 5 20128 2 3 40229 1800 235185
6 3 6 20064 2 3 40128 1800 251478
6 3 7 20768 2 3 41483 1800 257351
6 3 8 17120 3 3 34234 1800 201810
6 3 9 19712 2 3 39363 1800 245187
6 3 10 18432 2 3 36830 1800 230184
6 3 11 17856 2 3 35690 1800 218507
6 3 12 17600 2 3 35174 1800 213706
6 3 13 13280 1 2 26550 1800 240883
6 4 0 1824 1 2 3602 1800 21600
6 4 1 19488 7 2 38971 1800 252860
6 4 2 12000 2 2 23941 1800 224708
6 4 3 8448 1 2 16846 1800 183955
6 4 4 13824 2 2 27623 1800 262036
6 4 5 8704 1 2 17405 1800 187754
6 4 6 14112 2 2 28185 1800 261242
6 4 7 6016 1 2 12000 1800 122011
6 4 8 6496 1 2 12969 1800 131558
