# sub02.scd — 506 Byte, 19 Records, Walk: ok
+0x0000  0x4E Item_aot_set       4e 01 02 00 00 00 00 7d 00 7d 01 00 01 00 4c 00 01 00 18 00 03 00
+0x0016  0x69 Item_aot_set_4p    69 02 02 31 00 00 41 b9 ce c8 a1 bd 7a cc bf c2 d0 c6 47 bd fc c2 4d 00 01 00 3d 00 01 00
+0x0034  0x2C Aot_set            2c 04 05 31 00 00 07 b2 bf b3 12 07 24 04 ff 00 18 05 00 00
+0x0048  0x2C Aot_set            2c 05 05 31 00 00 fa ae 09 99 08 07 04 10 ff 00 18 0b 00 00
+0x005C  0x2C Aot_set            2c 06 06 21 00 00 07 b2 bf b3 12 07 24 04 0a 00 4d 00 01 00
+0x0070  0x2C Aot_set            2c 07 04 31 00 00 93 be 8d b9 08 07 fc 08 01 00 00 00 ff fd
+0x0084  0x44 Sce_em_set         44 00 00 3e 00 40 00 00 00 ff 00 7d 00 00 00 7d 00 04 00 00 00 00
+0x009A  0x2D Obj_model_set      2d 00 00 00 00 00 00 00 00 00 0a 00 00 00 18 79 7a f8 18 79 00 00 00 00 00 00 00 00 00 00 00 00 00 00 00 00 00 00
+0x00C0  0x2D Obj_model_set      2d 01 00 00 00 00 00 00 00 00 0a 00 00 00 8c c3 22 fc 2f c9 40 fd 00 00 00 00 00 00 00 00 00 00 00 00 00 00 00 00
+0x00E6  0x2D Obj_model_set      2d 02 00 00 00 00 00 00 00 00 0a 00 00 00 30 75 7a f8 30 75 00 00 00 00 00 00 00 00 00 00 00 00 00 00 00 00 00 00
+0x010C  0x2D Obj_model_set      2d 03 00 00 00 00 00 00 00 00 0a 00 00 00 48 71 7a f8 30 75 00 00 00 00 00 00 00 00 00 00 00 00 00 00 00 00 00 00
+0x0132  0x2D Obj_model_set      2d 04 00 00 00 00 00 00 00 00 0a 00 0e 00 f1 ac 00 00 54 b2 00 00 00 00 00 00 00 00 00 00 00 00 00 00 00 00 00 00
+0x0158  0x2D Obj_model_set      2d 05 00 00 00 00 00 00 00 00 0a 00 0e 00 d1 a9 00 00 34 af 00 00 00 00 00 00 00 00 00 00 00 00 00 00 00 00 00 00
+0x017E  0x2D Obj_model_set      2d 06 00 00 00 00 00 00 00 00 0a 00 0e 00 f1 ac 00 00 54 b2 00 00 00 00 00 00 00 00 00 00 00 00 00 00 00 00 00 00
+0x01A4  0x4E Item_aot_set       4e 03 02 31 00 00 10 aa e0 c7 08 07 08 07 23 00 01 00 45 00 07 00
+0x01BA  0x2D Obj_model_set      2d 07 00 00 00 00 00 00 00 00 0a 00 10 00 94 ad 90 f7 64 cb 00 00 00 00 00 00 00 00 00 00 00 00 00 00 00 00 00 00
+0x01E0  0x18 op18               18 04
+0x01E2  0x54 Sce_espr3d_on      54 00 16 08 00 00 00 10 4a b3 7e f7 78 b5 00 02 00 00 00 00 00 00
+0x01F8  0x01 op01               01 00
