# Die Tueren, die die ENGINE beim Raumbetreten wirklich als AOT installiert.
# Erzeugt mit:
#   RE15_TUER_DUMP=re15_port/tools/engine_tueren.txt \
#       re15_port/build_fix/tests/integration/test_map_uebergang.exe
#
# Spalten: raum ziel trigger_x trigger_z spawn_x spawn_z band   (Raeume hexadezimal)
#
# WOZU: der Kartengenerator liest die Tueren STATISCH aus den RDT-Records und sieht
# dabei auch welche, die das Spiel dort gar nicht aufstellt - inerte Records
# (Aot_set mit sce == 0, z.B. ROOM1140 -> ROOM1170) und skriptgeschuetzte Aot_set.
# Solche Phantom-Verbindungen haben den Grundriss-Loeser eingeschraenkt, ohne dass
# man sie begehen kann: auf Blatt 4 machte ROOM1140<->ROOM1170 die Anordnung
# nachweislich UNLOESBAR (RE15_VOLLSUCHE=4: hoechstens 5 von 6 Kanten), und der
# Nutzer sah am 2026-09-02 genau dort den Sprung.
#
# ⛔ NUR PAARE, DIE IN KEINER RICHTUNG VORKOMMEN, WERDEN VERWORFEN (10 von 123).
# Eine Tuer, die erst per Skript aufgestellt wird, ist in mindestens EINER Richtung
# schon beim Betreten da, weil der Nachbarraum sie aufstellt. Pauschal die 71
# fehlenden Records zu verwerfen waere falsch - dann verschwinden echte Tueren von
# der Karte, was der Nutzer schon einmal zu Recht bemaengelt hat.
1000 1050 22850 -13400 14700 -13500 0
1000 1050 1700 100 14700 6100 0
1000 1050 1700 3200 14700 9150 0
1010 1020 4650 6900 -4000 -18000 0
1010 1020 4650 -3950 -3785 -7412 0
1020 1010 -2750 -7250 3650 -3950 0
1020 1010 -2950 -18450 3650 6900 0
1020 1040 -27150 -8200 -24000 16500 0
1030 1050 2250 -12700 20600 12350 0
1030 1070 -16150 -3800 160 6145 0
1030 1040 -26900 -3650 -20083 -3559 0
1040 1030 -19650 -3800 -26214 -3861 0
1040 1060 -19650 -13000 26000 25300 0
1040 1020 -23550 16700 -25883 -8767 0
1050 1030 21650 12350 1172 -12558 0
1050 1000 13700 9200 650 3250 0
1050 1000 13700 6100 650 50 0
1050 1000 13700 -13450 21850 -13400 0
1050 10A0 17200 -13700 26200 24800 0
1050 1090 19850 -23400 -10100 4200 0
1060 1120 27100 25400 150 9550 0
1060 10C0 27100 25400 300 9550 0
1060 1040 27100 25400 -21008 -13134 0
1070 1030 560 6200 -18000 -3500 0
1080 1040 0 0 -21936 -11000 0
1080 10C0 0 0 1450 7300 0
1080 1120 0 0 1300 7300 0
1090 1050 -10080 3060 19850 -22300 0
1090 1100 -5820 -18690 -20900 -10336 0
10A0 1050 27050 24900 16100 -13700 0
10A0 1180 21250 26350 -358 -6536 0
10A0 11E0 21250 26350 5112 -5348 0
10B0 1170 14335 -6840 4014 -7436 0
10B0 1260 -21370 4610 -20250 -6700 0
10C0 1060 -600 9550 26000 25300 0
10C0 10D0 -7600 -2250 7650 11400 0
10D0 10E0 6750 4350 -8050 3200 0
10D0 10C0 8650 11400 -6700 -2100 0
10D0 1100 -19300 24000 -20975 -25000 0
10E0 10D0 -8050 4300 6800 5350 0
10F0 10D0 9300 -300 1700 -7000 0
10F0 1090 -4750 -1750 -13600 1300 0
1100 10D0 -21330 -24790 -18400 24150 0
1110 1100 -3250 -4950 -26130 -11036 0
1120 1060 -700 9550 26000 25300 0
1120 1130 -8450 -2900 -2200 -2150 0
1130 1140 -300 -13900 -7600 -17600 0
1130 1120 -3050 -2150 -7600 -2900 0
1130 1150 -6650 16350 -17150 -11960 0
1130 1170 2700 14650 -21225 -18870 0
1140 1130 -8600 -17750 -1300 -13950 0
1150 1130 -16050 -11500 -5900 16350 0
1160 1180 -300 -16500 -4729 -16018 0
1170 1240 0 0 -26214 -3861 0
1170 1130 -21230 -17925 2650 15550 0
1180 1160 -4837 -16839 -300 -17400 0
1180 10A0 -177 -7772 21200 25500 0
1180 1190 -8118 9355 3174 -11182 0
1180 11B0 5706 28874 -26483 -18094 0
1190 1180 3000 -9650 -8133 10226 0
11A0 3000 0 24950 -23338 -14647 0
11B0 1180 -27830 -16890 4725 28650 0
11B0 11C0 -25480 -28190 -25279 17268 0
11C0 11B0 -25100 17250 -25552 -25331 0
11D0 1180 -300 -16500 -4729 -16018 0
11D0 1260 2600 -22000 20900 -8100 0
11E0 11F0 -25100 -9550 250 250 0
11E0 1200 2000 -24250 -20154 -25245 0
11E0 10A0 4750 -5650 21200 25500 0
11F0 11E0 250 1150 -24707 -9442 0
1200 11E0 -20045 -27095 2062 -24428 0
1210 11E0 -27250 -2400 10564 5755 0
1210 1220 -21450 -6100 -22400 -6500 0
1210 1220 -17150 -9800 -16600 -9900 0
1210 1220 -21650 -13600 -22400 -14000 0
1210 1220 -17150 -17300 -16600 -17900 0
1210 1220 -17150 -25500 -16600 -25050 0
1220 1210 -21750 -6400 -20890 -6560 0
1220 1210 -17050 -9900 -18100 -9900 0
1220 1210 -21750 -13900 -20800 -13700 0
1220 1210 -17050 -17800 -18100 -17300 0
1220 1210 -17050 -25000 -18100 -25600 0
1230 1160 -4837 -16839 -300 -17400 0
1230 10A0 -177 -7772 21200 25500 0
1230 1190 -8118 9355 3174 -11182 0
1230 11B0 5706 28874 -26483 -18094 0
1240 1170 0 0 -26214 -3861 0
1260 11B0 27650 9450 -195 -21821 0
1260 2000 -8750 -8400 4350 -20500 0
1260 10B0 -20250 -5750 -21159 3289 0
1260 11D0 21850 -8050 3900 -22000 0
1260 2000 19650 -3300 -26450 -24300 0
2000 1260 4400 -19700 -8750 -6900 0
2000 1260 -27100 -24200 19700 -5000 0
2000 2010 -27100 -2650 -4600 -4950 0
2000 2070 -19800 -6200 -18650 -6450 0
2000 2050 -27100 10300 9100 4100 0
2010 2000 -5300 -4925 -26450 -2700 0
2020 2050 11400 -3850 -5150 3450 0
2030 2070 7350 -200 4800 -6300 0
2030 2080 -7700 6400 -23200 -16700 0
2030 2060 -7700 -7250 7600 3950 0
2040 2050 23800 -5550 -6800 -5650 0
2040 2060 -12800 2300 450 -6150 0
2040 2070 -20450 -19800 4650 -19200 0
2050 2000 9100 5700 -26450 10250 0
2050 2020 -5150 4450 11350 -3150 0
2050 2040 -7700 -5600 21700 -5400 0
2060 2030 8450 3950 -6950 -7200 0
2060 2040 450 -8350 -12850 1600 0
2070 2000 -19450 -6400 -20650 -6200 0
2070 2030 5500 -6400 6550 -100 0
2070 2030 -19450 6400 6550 -100 0
2070 2000 6250 6400 -20650 -6200 0
2070 2040 5500 -19200 -19750 -19850 0
2080 2030 -23900 -16700 -6950 6450 0
2090 2080 -8900 -25500 -9950 -25700 0
2090 20A0 7250 -16350 4950 4100 0
20A0 2090 4950 5000 6300 -16250 0
20B0 1260 4400 -19700 -8750 -6900 0
20B0 1260 -27100 -24200 19700 -5000 0
20B0 2010 -27100 -2650 -4600 -4950 0
20B0 2030 5950 -6400 6550 -100 0
20B0 2050 -27100 10300 9100 4100 0
3000 11A0 -29995 -9995 -50 24200 0
3000 3010 -5555 -17520 -23168 11769 0
3010 3000 -24200 11530 -6544 -17239 0
3010 3060 -6563 9810 -26027 -22532 0
3010 30E0 0 0 -19406 -22938 0
3010 3020 -6500 -18300 -26300 -22550 0
3020 3010 -26750 -22500 -7400 -18400 0
3020 30C0 0 0 -11250 -10900 0
3030 30E0 -25700 -16500 7025 2700 0
3030 30C0 -25700 -26800 -11850 450 0
3040 3050 -26925 -4975 -23996 1523 0
3050 3040 -23951 2183 -26350 -5100 0
3050 30E0 -3526 2083 4225 4550 0
3060 3010 -27150 -22400 -7578 10065 0
3060 3020 0 0 -11250 -13250 0
3070 30E0 -12400 -19100 -25660 -22130 0
3080 4000 0 0 -7600 -6760 0
3090 30C0 -26795 -1020 -6400 -400 0
3090 30A0 -13135 -9065 -25500 11700 0
3090 30B0 -24325 -24330 -23100 -24400 0
30A0 3090 -26550 11800 -13584 -9698 0
30B0 3090 -23850 -24400 -25033 -23750 0
30C0 3090 -5750 -300 -26275 -875 0
30C0 3030 -11800 1050 -25323 -25886 0
30D0 3010 -26750 -22500 -7400 -18400 0
30D0 3090 -5750 -300 -26275 -875 0
30D0 3030 -11800 1050 -25323 -25886 0
30E0 3010 -18500 -22840 -25190 -20200 0
30E0 3070 -25750 -21200 -11840 -18140 0
30E0 3050 3700 4625 -3596 1523 0
30E0 3030 7125 2200 -25497 -17066 0
4000 4010 -16300 -3500 -21044 -24000 0
4000 4030 -14130 -26500 -23066 -19748 0
4000 3070 -3580 -4000 -25773 -12208 0
4010 4000 -20850 -24100 -15608 -3524 0
4020 4000 0 0 -26516 -8963 0
4020 5000 0 0 -10550 -14750 0
4020 50C0 0 0 -6975 -10005 0
4030 4000 -23050 -19750 -14149 -26101 0
4030 BF0A0 -36775 -38770 -26630 -25250 0
4030 C5F00 -30190 -36615 -20740 -21840 0
4040 4070 -4000 -18800 -12100 -18950 0
4040 4030 3300 9850 -25024 -25418 0
4040 4050 -27000 17250 8850 -10650 0
4040 4050 -22600 7050 -7700 -25700 0
4050 4040 8850 -11600 -26400 17150 0
4050 4040 -7650 -26800 -23400 6950 0
4070 4040 -12950 -18950 -4800 -18900 0
4070 50A0 -12950 -18950 -23878 -16268 0
4070 5100 -12950 -18950 -23668 -16619 0
4080 4030 -4250 2550 -20755 -25229 0
4080 40A0 16650 -18600 -24700 -14400 0
4080 4090 21300 -5400 -21022 -24100 0
4090 4080 -19700 -24850 22000 -5450 0
40A0 4080 -25600 -13900 16150 -18200 0
40B0 4080 -17825 -14575 2600 -25300 0
5000 5030 -550 -2100 -13846 -5474 0
5000 5010 -9600 7100 -23636 -18240 0
5000 5020 -20050 -1900 -12300 -25800 0
5010 5000 -23950 -17700 -9550 6100 0
5020 5000 -12350 -26400 -19200 -1900 0
5030 5040 -26100 -15400 1754 -14789 0
5030 5000 -15400 -4000 -1500 -2150 0
5030 5070 -4500 -15400 1700 -5700 0
5030 50A0 -15300 -26300 -12117 4472 0
5040 5030 2400 -14900 -24946 -14880 0
5040 5060 -21400 -23850 -25500 -11100 0
5040 5050 -24100 -350 -25600 -18400 0
5050 5040 -26425 -18250 -24594 -969 0
5060 5040 -26300 -11600 -22300 -22300 0
5070 5030 2550 -5650 -5588 -15479 0
5080 6010 -9100 -18050 -26350 -25900 0
5090 6030 28150 5000 -26450 -23350 0
5090 6040 0 0 -26214 -3861 0
50A0 4070 -22880 -16325 -12100 -18950 0
50A0 5030 -12470 5410 -15020 -25030 0
50B0 5140 -14013 -27000 15368 -9944 0
50B0 6000 -20000 -5750 5200 1600 0
50C0 50D0 -24750 -26150 -23437 -4400 0
50D0 50C0 -24160 -1959 -24583 -26199 0
50D0 50F0 -2021 -14842 -24550 -23650 0
50D0 50E0 -2021 -3592 -25450 -14700 0
50D0 5100 -2021 -24592 -18650 -1100 0
50E0 50D0 -26150 -14600 -2800 -3700 0
50F0 50D0 -25350 -23600 -2800 -14950 0
5100 4070 -23200 -15800 -12100 -18950 0
5100 50D0 -19200 -1050 -2900 -24700 0
5110 5120 -26100 -15400 1754 -14789 0
5110 5000 -15400 -4000 -1500 -2150 0
5110 5130 -4500 -15400 1700 -5700 0
5110 5140 -15300 -26300 -12117 4472 0
5120 5110 3300 -14900 -24699 -14576 0
5130 5110 2550 -5650 -5588 -15479 0
5130 6020 -28900 13300 -4500 2300 0
5130 6020 -28900 -24650 -4050 -16800 0
5140 50B0 12515 -10030 -14100 -26150 0
5140 5110 -12470 5410 -15020 -25030 0
6000 50B0 2800 2750 -17400 -6850 0
6000 6010 -4900 -8350 -6100 -8250 0
6000 6030 1763 -10677 -17970 -20380 0
6010 6000 -5215 -8038 -4200 -8450 0
6010 5080 -27015 -25588 -9950 -18200 0
6020 5130 -4500 1350 -28150 13250 0
6020 5130 -4050 -17700 -28150 -24750 0
6030 6000 -17950 -20200 1693 -10054 0
6030 5090 -27200 -23250 27200 4900 0
